1 2 3 4 5 6 7 8 
2 1 3 4 8 1412 1413 1415 
3 1 2 4 5 6 7 8 1412 1413 1414 1415 1416 
4 1 2 3 5 7 8 1412 1413 1414 1415 1416 
5 1 3 4 6 7 8 1412 1413 1414 1415 1416 
6 1 3 5 7 8 1412 1414 1415 1416 
7 1 3 4 5 6 8 1412 1415 1416 
8 1 2 3 4 5 6 7 1412 1413 1414 1415 1416 
9 10 11 12 13 14 
10 9 14 483 484 485 
11 9 483 894 895 
12 9 269 418 717 915 953 954 955 956 
13 9 14 483 
14 9 10 13 483 484 911 
15 16 17 18 19 20 21 22 
16 15 17 19 103 118 125 407 409 411 584 585 588 596 683 686 688 1024 1025 1026 
17 15 16 19 20 683 
18 15 21 22 103 104 106 107 108 109 110 111 115 119 121 122 125 126 127 128 130 131 132 133 136 139 143 145 146 147 149 201 204 209 210 212 214 215 217 218 236 243 245 408 596 1811 
19 15 16 17 20 118 147 405 408 410 584 585 590 596 683 684 1816 
20 15 17 19 584 585 586 587 588 589 592 593 596 683 684 
21 15 18 139 147 215 235 349 727 1771 
22 15 18 103 106 108 109 112 119 120 126 129 130 131 134 135 146 147 201 205 207 210 212 215 218 245 399 596 951 1338 1341 1769 
23 24 25 26 27 28 29 30 31 32 33 34 35 36 37 38 39 40 41 42 43 44 45 46 47 48 49 50 51 52 53 54 55 56 57 58 59 60 
24 23 35 43 51 58 59 60 
25 23 447 454 598 724 1441 1551 1643 
26 23 47 48 51 
27 23 29 37 38 42 45 46 55 
28 23 30 31 32 34 44 50 53 57 
29 23 27 37 38 42 45 46 55 
30 23 28 31 32 33 34 44 50 53 57 
31 23 28 30 32 33 34 44 50 53 57 
32 23 28 30 31 33 34 44 50 53 57 
33 23 30 31 32 34 44 50 53 57 
34 23 28 30 31 32 33 44 50 53 57 
35 23 24 43 51 56 58 59 60 
36 23 39 54 276 277 281 453 597 598 1134 1136 1599 1609 1610 1711 
37 23 27 29 38 42 45 46 55 
38 23 27 29 37 42 45 46 55 
39 23 36 48 276 277 281 284 729 905 1134 1402 1404 1506 1526 1597 1610 1721 
40 23 47 56 
41 23 47 51 56 
42 23 27 29 37 38 45 46 55 
43 23 24 35 51 56 58 59 60 
44 23 28 30 31 32 33 34 50 53 57 
45 23 27 29 37 38 42 46 55 
46 23 27 29 37 38 42 45 55 
47 23 26 40 41 51 56 58 60 
48 23 26 39 52 153 276 277 278 282 453 454 456 598 729 978 1355 1358 1470 1552 1554 1555 1598 1600 1609 1695 1704 1709 1721 1790 
49 23 153 277 278 417 453 454 598 728 977 1072 1270 1355 1357 1469 1527 1599 1600 1609 1686 1694 1704 1830 1832 
50 23 28 30 31 32 33 34 44 53 57 
51 23 24 26 35 41 43 47 56 58 59 60 
52 23 48 230 258 268 270 275 278 281 282 284 383 450 453 454 456 458 510 511 722 731 803 916 918 976 979 1068 1071 1133 1137 1138 1270 1271 1279 1402 1403 1405 1425 1441 1442 1466 1526 1529 1530 1551 1552 1553 1554 1555 1600 1602 1607 1643 1686 1690 1694 1695 1704 1705 1706 1707 1709 1721 1756 1790 1830 1832 
53 23 28 30 31 32 33 34 44 50 57 
54 23 36 281 598 600 1134 1424 1425 1607 1609 1610 
55 23 27 29 37 38 42 45 46 
56 23 35 40 41 43 47 51 59 60 
57 23 28 30 31 32 33 34 44 50 53 
58 23 24 35 43 47 51 59 60 
59 23 24 35 43 51 56 58 60 
60 23 24 35 43 47 51 56 58 59 
61 62 
62 61 
63 64 65 
64 63 820 821 
65 63 834 
66 67 
67 66 
68 69 70 
69 68 70 310 
70 68 69 
71 72 73 74 75 76 
72 71 76 476 886 1801 1802 1803 
73 71 74 268 1208 1797 
74 71 73 1468 1578 1797 
75 71 446 1177 1284 1306 1395 
76 71 72 268 476 886 1216 1284 1466 1803 1835 
77 78 
78 77 305 503 994 
79 80 81 82 83 
80 79 81 732 733 734 
81 79 80 82 83 710 732 733 734 883 1461 
82 79 81 83 
83 79 81 82 
84 85 
85 84 886 1532 1533 1578 
86 87 88 89 90 91 92 93 
87 86 89 90 91 631 1820 1821 
88 86 90 91 92 561 563 564 565 566 613 958 1791 
89 86 87 90 91 93 146 313 323 561 1820 1821 
90 86 87 88 89 91 92 1820 
91 86 87 88 89 90 631 
92 86 88 90 93 301 306 310 312 565 566 1399 1410 1572 
93 86 89 92 193 273 310 313 323 1000 1013 1410 
94 95 96 
95 94 1698 1707 1808 1838 
96 94 
97 98 
98 97 
99 100 101 
100 99 859 860 861 862 863 864 865 866 
101 99 
102 103 104 105 106 107 108 109 110 111 112 113 114 115 116 117 118 119 120 121 122 123 124 125 126 127 128 129 130 131 132 133 134 135 136 137 138 139 140 141 142 143 144 145 146 147 148 149 150 151 
103 16 18 22 102 108 118 120 121 122 124 126 130 132 145 146 147 201 202 203 204 205 206 207 208 209 210 211 212 213 214 215 216 217 218 219 220 221 222 
104 18 102 108 111 112 113 115 116 118 119 121 122 123 125 126 130 132 133 134 136 138 139 142 144 147 149 209 214 215 216 234 235 236 237 238 239 240 241 242 243 244 245 
105 102 126 135 143 146 147 149 201 207 210 212 234 1171 1172 1173 
106 18 22 102 108 114 116 117 118 120 122 125 126 127 128 130 131 132 133 134 137 141 143 145 146 147 148 151 212 215 235 237 241 242 1338 1769 
107 18 102 108 119 122 126 133 145 146 147 214 236 240 316 
108 18 22 102 103 104 106 107 109 112 113 114 115 116 117 118 119 120 122 123 125 126 127 128 129 130 131 132 133 134 135 136 137 138 142 143 145 146 147 148 149 150 151 201 204 205 206 207 209 210 212 213 214 215 216 217 218 220 221 235 237 239 240 241 243 244 245 1172 1223 1336 1337 1338 1339 
109 18 22 102 108 111 114 115 116 121 122 126 127 130 136 143 146 147 209 210 212 215 217 236 239 241 245 
110 18 102 112 113 114 116 118 119 125 126 136 144 145 146 147 212 213 222 236 240 244 245 1173 
111 18 102 104 109 118 121 125 126 129 132 134 141 145 146 209 213 241 245 
112 22 102 104 108 110 113 114 115 116 119 121 122 123 124 125 126 130 131 144 146 147 149 150 211 212 215 236 240 244 245 822 
113 102 104 108 110 112 114 115 118 125 127 130 136 137 145 146 148 236 240 244 1224 
114 102 106 108 109 110 112 113 115 116 117 118 120 125 126 130 131 134 138 139 141 143 144 145 146 147 148 149 151 201 205 207 209 210 212 216 245 1336 1338 1834 
115 18 102 104 108 109 112 113 114 116 117 118 119 121 122 124 125 126 127 130 136 139 143 144 146 147 150 151 212 215 236 240 241 822 
116 102 104 106 108 109 110 112 114 115 118 122 125 126 127 130 131 134 136 143 146 147 204 212 215 216 235 241 242 
117 102 106 108 114 115 118 120 130 141 143 146 149 215 237 
118 16 19 102 103 104 106 108 110 111 113 114 115 116 117 120 121 122 125 126 127 129 130 132 134 135 136 137 141 143 146 147 149 151 201 203 205 207 209 210 212 235 236 237 245 409 411 1335 1336 1337 1338 1340 
119 18 22 102 104 107 108 110 112 115 121 122 125 126 127 130 133 134 136 139 141 143 144 145 146 147 149 209 210 212 213 215 221 233 234 236 239 240 243 245 310 1173 1628 1771 1811 
120 22 102 103 106 108 114 117 118 125 126 129 130 132 134 136 139 141 143 144 147 151 216 240 1336 1338 
121 18 102 103 104 109 111 112 115 118 119 122 126 128 130 133 139 145 146 147 149 206 209 212 214 215 218 236 239 240 243 613 1224 
122 18 102 103 104 106 107 108 109 112 115 116 118 119 121 123 125 126 127 128 130 132 133 136 139 140 143 144 145 146 147 149 151 201 202 204 210 211 214 217 221 234 235 236 240 244 245 310 573 613 872 1171 1173 1221 1222 1223 1364 1383 1569 1573 1819 
123 102 104 108 112 122 126 127 130 136 143 144 146 148 206 209 212 236 1323 1339 
124 102 103 112 115 126 128 146 238 
125 16 18 102 104 106 108 110 111 112 113 114 115 116 118 119 120 122 126 127 129 130 131 132 134 137 138 146 207 208 212 219 221 222 236 237 240 244 245 466 596 1337 1338 1429 
126 18 22 102 103 104 105 106 107 108 109 110 111 112 114 115 116 118 119 120 121 122 123 124 125 127 128 129 130 131 132 133 134 136 137 138 139 140 141 143 144 145 146 147 148 149 150 151 201 203 204 205 206 208 209 210 212 213 214 215 216 217 218 219 221 234 235 236 237 239 240 241 242 243 245 310 408 584 613 707 1171 1173 1221 1223 1224 1335 1336 1339 1449 1771 1811 
127 18 102 106 108 109 113 115 116 118 119 122 123 125 126 130 131 132 136 137 143 145 146 147 148 149 205 208 209 212 214 215 220 221 238 241 242 245 1335 1338 
128 18 102 106 108 121 122 124 126 130 144 146 147 217 234 236 245 596 1221 1223 1224 
129 22 102 108 111 118 120 125 126 130 131 132 143 144 201 203 205 207 209 210 212 216 220 245 684 1336 1337 1338 
130 18 22 102 103 104 106 108 109 112 113 114 115 116 117 118 119 120 121 122 123 125 126 127 128 129 131 133 134 135 136 139 143 145 146 147 148 149 151 201 209 210 212 213 215 216 217 218 220 221 222 241 245 1171 1335 1336 1338 
131 18 22 102 106 108 112 114 116 125 126 127 129 130 132 133 134 135 137 138 140 143 146 147 148 151 201 206 208 209 210 212 213 215 218 235 240 245 
132 18 102 103 104 106 108 111 118 120 122 125 126 127 129 131 134 135 141 143 147 201 205 209 210 212 218 241 245 596 1171 1335 1336 1338 1340 1769 
133 18 102 104 106 107 108 119 121 122 126 130 131 139 145 147 151 209 214 215 236 240 243 245 310 596 1573 
134 22 102 104 106 108 111 114 116 118 119 120 125 126 130 131 132 137 143 146 148 201 205 210 212 1336 1338 
135 22 102 105 108 118 130 131 132 147 201 205 208 212 235 268 525 1205 1340 1372 
136 18 102 104 108 109 110 113 115 116 118 119 120 122 123 126 127 130 137 139 143 146 147 148 151 209 213 215 221 235 236 240 241 242 596 613 1771 
137 102 106 108 113 118 125 126 127 131 134 136 141 143 146 203 204 213 236 
138 102 104 108 114 125 126 131 143 145 146 147 148 206 212 215 217 
139 18 21 102 104 114 115 119 120 121 122 126 130 133 136 143 144 145 146 147 149 151 209 212 214 215 234 236 
140 102 122 126 131 146 208 210 
141 102 106 111 114 117 118 119 120 126 132 137 146 215 1336 1338 
142 102 104 108 234 263 288 309 350 612 628 1115 1176 1343 1369 1569 1800 
143 18 102 105 106 108 109 114 115 116 117 118 119 120 122 123 126 127 129 130 131 132 134 136 137 138 139 145 146 147 148 149 201 206 209 212 213 215 216 220 221 236 241 242 1338 
144 102 104 110 112 114 115 119 120 122 123 126 128 129 139 145 146 147 213 235 236 240 244 
145 18 102 103 106 107 108 110 111 113 114 119 121 122 126 127 130 133 138 139 143 144 146 147 151 204 206 209 210 212 214 217 218 219 221 236 238 239 243 245 310 382 596 602 613 1172 1221 1224 1399 1429 1771 1845 
146 18 22 89 102 103 105 106 107 108 109 110 111 112 113 114 115 116 117 118 119 121 122 123 124 125 126 127 128 130 131 134 136 137 138 139 140 141 143 144 145 147 148 149 150 203 204 205 207 209 210 212 213 214 215 217 218 221 234 236 238 239 240 241 243 245 408 596 613 707 822 1172 1224 1335 1336 1337 1338 1340 1429 1845 
147 18 19 21 22 102 103 104 105 106 107 108 109 110 112 114 115 116 118 119 120 121 122 126 127 128 130 131 132 133 135 136 138 139 143 144 145 146 149 150 151 205 209 210 212 213 214 215 217 218 221 234 236 238 240 241 242 243 245 408 410 596 1224 1339 1811 
148 102 106 108 113 114 123 126 127 130 131 134 136 138 143 146 206 209 212 243 
149 18 102 104 105 108 112 114 117 118 119 121 122 126 127 130 139 143 146 147 151 240 
150 102 108 112 115 126 146 147 215 
151 102 106 108 114 115 118 120 122 126 130 131 133 136 139 145 147 149 209 217 236 
152 153 154 
153 48 49 152 154 259 333 334 417 453 456 598 614 720 722 723 729 886 976 1184 1185 1276 1405 1462 1464 1465 1469 1596 1599 1600 1631 1687 1704 1705 1709 1788 1832 
154 152 153 278 280 285 332 334 418 419 453 456 598 885 914 915 917 1067 1133 1440 1464 1469 1506 1529 1581 1600 1611 1687 1704 
155 156 
156 155 204 215 316 1216 
157 158 159 160 161 162 163 164 165 166 167 168 
158 157 160 162 163 164 166 167 168 270 359 360 361 362 363 364 365 366 367 368 369 370 371 372 373 
159 157 160 161 162 163 164 165 167 168 
160 157 158 159 161 162 163 164 165 166 167 168 
161 157 159 160 164 165 167 168 
162 157 158 159 160 164 167 168 
163 157 158 159 160 164 165 166 167 168 
164 157 158 159 160 161 162 163 165 166 167 168 
165 157 159 160 161 163 164 166 167 168 
166 157 158 160 163 164 165 167 168 
167 157 158 159 160 161 162 163 164 165 166 168 
168 157 158 159 160 161 162 163 164 165 166 167 
169 170 171 172 173 174 175 
170 169 171 172 173 174 
171 169 170 172 173 174 175 
172 169 170 171 173 174 175 
173 169 170 171 172 174 175 1417 
174 169 170 171 172 173 317 647 945 
175 169 171 172 173 1630 
176 177 178 179 180 181 
177 176 178 179 180 181 
178 176 177 179 180 181 
179 176 177 178 180 181 
180 176 177 178 179 181 
181 176 177 178 179 180 
182 183 
183 182 186 233 408 466 501 1003 1478 
184 185 186 
185 184 
186 183 184 195 266 272 454 646 1159 1839 1845 
187 188 
188 187 
189 190 191 192 193 
190 189 508 1290 1305 1309 1452 1692 1822 
191 189 401 446 658 778 868 948 1364 1365 1577 1619 
192 189 217 310 311 320 820 1284 1429 
193 93 189 264 273 313 351 545 573 658 659 662 673 778 1174 1175 1451 
194 195 196 197 
195 186 194 307 502 573 612 614 725 726 727 
196 194 197 
197 194 196 
198 199 200 
199 198 200 318 1372 
200 198 199 1851 
201 18 22 103 105 108 114 118 122 126 129 130 131 132 134 135 143 203 209 210 212 216 217 220 222 1335 1336 1337 1338 1339 1340 
202 103 122 204 211 219 1224 
203 103 118 126 129 137 146 201 
204 18 103 108 116 122 126 137 145 146 156 202 211 217 218 235 238 263 628 868 875 951 1224 1368 1371 1483 1569 1619 1848 
205 22 103 108 114 118 126 127 129 132 134 135 146 147 209 210 212 240 1224 1769 
206 103 108 121 123 126 131 138 143 145 148 209 212 1339 
207 22 103 105 108 114 118 125 129 146 210 212 
208 103 125 126 127 131 135 140 212 
209 18 103 104 108 109 111 114 118 119 121 123 126 127 129 130 131 132 133 136 139 143 145 146 147 148 151 201 205 206 212 221 236 241 245 310 1769 
210 18 22 103 105 108 109 114 118 119 122 126 129 130 131 132 134 140 145 146 147 201 205 207 212 
211 103 112 122 202 204 
212 18 22 103 105 106 108 109 110 112 114 115 116 118 119 121 123 125 126 127 129 130 131 132 134 135 138 139 143 145 146 147 148 201 205 206 207 208 209 210 213 215 216 217 239 240 241 245 596 1172 1336 1337 1340 1769 
213 103 108 110 111 119 126 130 131 136 137 143 144 146 147 212 222 240 244 245 
214 18 103 104 107 108 121 122 126 127 133 139 145 146 147 236 238 239 243 596 1224 
215 18 21 22 103 104 106 108 109 112 115 116 117 119 121 126 127 130 131 133 136 138 139 141 143 146 147 150 156 212 217 218 236 239 240 245 822 1171 1190 1323 1339 
216 103 104 108 114 116 120 126 129 130 143 201 212 1336 1337 1772 
217 18 103 108 109 122 126 128 130 138 145 146 147 151 192 201 204 212 215 236 238 242 245 261 301 310 347 408 588 596 1076 1224 1343 1573 1771 1848 
218 18 22 103 108 121 126 130 131 132 145 146 147 204 215 220 236 525 596 1224 
219 103 125 126 145 202 501 
220 103 108 127 129 130 143 201 218 
221 103 108 119 122 125 126 127 130 136 143 145 146 147 209 236 
222 103 110 125 130 201 213 235 244 245 
223 224 
224 223 
225 226 227 
226 225 1343 1672 
227 225 376 377 378 1282 
228 229 230 231 
229 228 286 974 1066 1070 1071 1072 
230 52 228 276 284 447 454 1063 1068 1352 1353 1354 1355 1356 1357 1358 
231 228 284 724 730 1440 1610 
232 233 
233 119 183 232 614 1411 1826 
234 104 105 119 122 126 128 139 142 146 147 236 238 245 1223 1224 1322 1323 
235 21 104 106 108 116 118 122 126 131 135 136 144 204 222 245 266 1190 1335 1566 1628 1800 
236 18 104 107 109 110 112 113 115 118 119 121 122 123 125 126 128 133 136 137 139 143 144 145 146 147 151 209 214 215 217 218 221 234 239 243 310 596 613 1340 1771 
237 104 106 108 117 118 125 126 317 1336 1448 
238 104 124 127 145 146 147 204 214 217 234 1221 
239 104 108 109 119 121 126 145 146 212 214 215 236 241 1337 
240 104 107 108 110 112 113 115 119 120 121 122 125 126 131 133 136 144 146 147 149 205 212 213 215 612 1811 
241 104 106 108 109 111 115 116 126 127 130 132 136 143 146 147 209 212 239 245 
242 104 106 116 126 127 136 143 147 217 1340 
243 18 104 108 119 121 126 133 145 146 147 148 214 236 310 613 1224 1573 
244 104 108 110 112 113 122 125 144 213 222 
245 18 22 104 108 109 110 111 112 114 118 119 122 125 126 127 128 129 130 131 132 133 145 146 147 209 212 213 215 217 222 234 235 241 310 1013 1172 1173 1302 1336 
246 247 248 249 
247 246 248 472 504 539 540 541 542 543 544 545 546 547 548 
248 246 247 
249 246 545 546 661 663 665 668 671 713 1017 1019 1330 1332 1366 1710 1775 1776 
250 251 252 
251 250 252 350 628 
252 250 251 350 
253 254 255 256 257 
254 253 255 256 257 
255 253 254 256 257 
256 253 254 255 257 
257 253 254 255 256 
258 52 259 260 261 262 263 264 265 266 267 268 269 270 271 272 
259 153 258 333 418 419 
260 258 466 573 624 1380 1381 1382 1383 
261 217 258 265 272 464 978 1180 1828 1829 
262 258 646 944 1628 1839 1840 
263 142 204 258 468 614 628 835 874 980 1470 1475 1698 1829 
264 193 258 273 1299 
265 258 261 288 803 844 
266 186 235 258 268 307 502 726 1160 1190 1205 1208 1209 1211 1579 
267 258 268 272 1844 
268 52 73 76 135 258 266 267 271 401 460 502 661 720 812 847 929 978 1133 1206 1210 1275 1287 1475 1681 1698 1706 1707 1754 
269 12 258 272 284 382 466 468 646 928 956 982 1794 1849 
270 52 158 258 453 456 817 886 914 1039 1057 1058 1061 1603 1604 1696 1698 1701 1706 1808 
271 258 268 1205 1210 1682 
272 186 258 261 267 269 382 464 466 602 820 978 1001 1115 1159 1180 1217 1284 1427 1478 
273 93 193 264 274 
274 273 288 1181 1284 1848 
275 52 276 277 278 279 280 281 282 283 284 285 286 
276 36 39 48 230 275 283 507 724 1134 1138 1354 1424 1426 1440 1441 1506 1555 1711 1788 1789 1790 
277 36 39 48 49 275 278 280 282 285 450 453 454 458 717 721 729 730 916 977 1068 1137 1354 1357 1464 1609 1686 1694 1695 1711 1721 1835 
278 48 49 52 154 275 277 280 282 284 453 454 598 717 915 1697 
279 275 281 283 
280 154 275 277 278 282 285 286 453 454 717 915 918 1068 1352 1687 1690 
281 36 39 52 54 275 279 598 724 821 871 905 1134 1354 1358 1441 1610 1611 
282 48 52 275 277 278 280 284 285 286 418 453 454 458 915 917 1068 1442 1601 1604 1609 1686 
283 275 276 279 352 354 355 442 720 1424 
284 39 52 230 231 269 275 278 282 285 286 383 416 447 448 449 450 453 454 455 456 457 458 724 915 916 928 953 959 974 981 1069 1133 1134 1137 1237 1241 1285 1354 1357 1358 1401 1403 1404 1440 1472 1552 1601 1602 1605 1608 1686 1690 1694 1695 1704 1706 1707 1721 1789 1790 
285 154 275 277 280 282 284 729 915 917 918 976 979 1555 1687 
286 229 275 280 282 284 717 729 960 977 1068 1352 1472 1486 1695 
287 288 
288 142 265 274 287 376 465 466 628 907 1106 1107 1115 1124 1222 1300 1341 1344 1411 1677 
289 290 
290 289 408 589 590 596 813 815 1027 1028 1029 1030 1813 
291 292 293 
292 291 
293 291 348 1360 
294 295 296 297 298 299 300 
295 294 296 297 298 299 300 
296 294 295 297 298 299 300 
297 294 295 296 298 299 300 
298 294 295 296 297 299 300 
299 294 295 296 297 298 300 
300 294 295 296 297 298 299 
301 92 217 302 303 304 305 306 307 308 309 310 311 312 313 314 315 316 317 318 319 320 321 322 323 
302 301 
303 301 314 319 322 347 1375 1376 
304 301 311 545 992 995 996 1289 1307 1377 1378 1379 
305 78 301 506 1177 1190 1208 1393 1796 1798 
306 92 301 317 318 376 381 603 625 1372 1673 1678 
307 195 266 301 317 318 625 929 1123 1214 1284 1468 1579 
308 301 778 1289 1290 1307 
309 142 301 310 312 347 613 868 1190 1289 1302 1304 1478 
310 69 92 93 119 122 126 133 145 192 209 217 236 243 245 301 309 313 381 443 569 613 949 1013 1208 1302 1793 
311 192 301 304 1236 1451 
312 92 301 309 320 613 627 746 820 1477 1478 1483 1845 
313 89 93 193 301 310 315 1177 
314 301 303 319 321 322 347 776 1167 1375 1376 
315 301 313 949 1000 1002 
316 107 156 301 1004 
317 174 237 301 306 307 624 625 891 1214 1392 1394 1399 
318 199 301 306 307 625 1397 
319 301 303 314 322 1167 1375 
320 192 301 312 382 613 820 1000 1793 
321 301 314 1375 1376 1572 1859 
322 301 303 314 319 507 1167 1375 1376 
323 89 93 301 631 658 1177 1214 1395 1451 1542 1621 
324 325 326 327 328 329 330 331 
325 324 327 1153 1805 
326 324 328 329 330 331 1219 
327 324 325 1817 
328 324 326 329 330 331 
329 324 326 328 330 331 446 1627 
330 324 326 328 329 462 
331 324 326 328 329 443 444 1306 1805 
332 154 333 334 
333 153 259 332 334 418 419 453 597 599 720 731 885 904 918 1442 1581 1599 1628 1687 
334 153 154 332 333 419 598 821 904 1599 1687 
335 336 
336 335 613 778 882 1177 1327 1363 1392 1393 1396 1398 1399 1619 
337 338 339 340 341 342 
338 337 339 340 341 342 
339 337 338 340 341 342 
340 337 338 339 341 342 
341 337 338 339 340 342 
342 337 338 339 340 341 
343 344 
344 343 1148 1201 1202 1804 
345 346 
346 345 
347 217 303 309 314 348 349 350 351 
348 293 347 505 658 778 1174 1177 1289 1291 1301 1304 1307 1309 1484 1630 1785 1823 1824 
349 21 347 350 351 504 628 993 1309 1619 1630 
350 142 251 252 347 349 613 628 658 820 948 1309 1619 1677 
351 193 347 349 446 778 993 1175 1190 1191 1194 1195 1196 1197 1198 1309 1343 1363 1451 1619 1662 1857 
352 283 353 354 355 356 357 358 
353 352 354 355 356 357 358 
354 283 352 353 355 356 358 442 
355 283 352 353 354 356 357 358 
356 352 353 354 355 357 358 
357 352 353 355 356 358 
358 352 353 354 355 356 357 
359 158 360 361 362 363 364 366 367 372 373 
360 158 359 361 362 363 364 366 367 368 372 373 
361 158 359 360 362 363 364 366 367 368 372 
362 158 359 360 361 363 364 366 368 372 373 
363 158 359 360 361 362 364 366 367 368 372 373 
364 158 359 360 361 362 363 366 368 372 
365 158 468 834 880 1386 1387 1388 1720 1825 
366 158 359 360 361 362 363 364 367 368 372 
367 158 359 360 361 363 366 372 373 
368 158 360 361 362 363 364 366 372 373 
369 158 382 802 1156 
370 158 720 820 874 998 1283 
371 158 545 657 709 1157 1775 1827 
372 158 359 360 361 362 363 364 366 367 368 373 
373 158 359 360 362 363 367 368 372 
374 375 376 377 378 
375 374 377 378 1181 
376 227 288 306 374 377 651 
377 227 374 375 376 378 1282 
378 227 374 375 377 1215 
379 380 381 382 
380 379 626 1693 
381 306 310 379 631 
382 145 269 272 320 369 379 503 838 1537 
383 52 284 
384 385 386 387 388 389 390 391 392 393 394 
385 384 386 387 388 389 390 391 392 393 1611 
386 384 385 387 388 389 392 393 394 1611 
387 384 385 386 388 389 390 392 393 394 1611 
388 384 385 386 387 389 390 391 392 393 394 1611 
389 384 385 386 387 388 390 391 392 393 1611 
390 384 385 387 388 389 391 392 394 1611 
391 384 385 388 389 390 392 393 394 1611 
392 384 385 386 387 388 389 390 391 393 394 1611 
393 384 385 386 387 388 389 391 392 1611 
394 384 386 387 388 390 391 392 1611 
395 396 397 398 399 400 401 402 
396 395 397 398 400 402 1121 1235 
397 395 396 398 402 1233 1235 1382 
398 395 396 397 400 401 402 
399 22 395 465 472 890 1108 1113 1115 1118 1120 1121 1220 
400 395 396 398 402 890 
401 191 268 395 398 1109 1118 1121 
402 395 396 397 398 400 1235 
403 404 
404 403 
405 19 406 407 408 409 410 411 412 
406 405 411 1481 1482 
407 16 405 409 411 412 1025 
408 18 19 126 146 147 183 217 290 405 410 589 590 596 1029 1339 1340 
409 16 118 405 407 411 412 586 592 594 683 687 688 1024 1025 1026 
410 19 147 405 408 584 596 683 
411 16 118 405 406 407 409 412 
412 405 407 409 411 688 1025 
413 414 
414 413 462 
415 416 417 
416 284 415 454 977 1783 
417 49 153 415 983 1069 1134 1135 1185 1439 1715 1858 
418 12 154 259 282 333 717 731 912 915 916 976 979 1469 1600 1687 
419 154 259 333 334 453 456 885 1581 
420 421 
421 420 1392 1394 1395 1627 
422 423 424 425 426 427 428 429 430 431 432 433 434 435 436 437 438 439 440 441 
423 422 424 425 426 427 428 429 430 431 432 433 434 435 436 437 438 439 440 441 
424 422 423 425 426 427 428 429 430 431 432 433 434 435 436 437 438 439 440 441 
425 422 423 424 426 427 428 429 430 431 432 433 434 435 436 437 438 439 440 441 
426 422 423 424 425 427 428 429 430 431 432 433 434 435 436 438 439 440 441 
427 422 423 424 425 426 428 429 430 431 432 433 434 435 436 437 438 439 440 441 
428 422 423 424 425 426 427 429 430 431 432 433 434 435 436 438 439 440 441 
429 422 423 424 425 426 427 428 430 431 432 433 434 435 436 437 438 439 440 441 
430 422 423 424 425 426 427 428 429 431 432 433 434 435 436 437 438 439 440 441 
431 422 423 424 425 426 427 428 429 430 432 433 434 435 438 439 440 441 
432 422 423 424 425 426 427 428 429 430 431 433 434 435 436 438 439 440 441 
433 422 423 424 425 426 427 428 429 430 431 432 434 435 436 438 439 440 441 
434 422 423 424 425 426 427 428 429 430 431 432 433 435 436 437 438 439 440 441 
435 422 423 424 425 426 427 428 429 430 431 432 433 434 436 437 438 439 440 441 
436 422 423 424 425 426 427 428 429 430 432 433 434 435 438 439 440 441 
437 422 423 424 425 427 429 430 434 435 438 440 441 
438 422 423 424 425 426 427 428 429 430 431 432 433 434 435 436 437 440 441 
439 422 423 424 425 426 427 428 429 430 431 432 433 434 435 436 440 441 
440 422 423 424 425 426 427 428 429 430 431 432 433 434 435 436 437 438 439 441 
441 422 423 424 425 426 427 428 429 430 431 432 433 434 435 436 437 438 439 440 
442 283 354 
443 310 331 444 
444 331 443 462 
445 446 
446 75 191 329 351 445 631 658 851 1035 1038 1284 1289 1305 1363 1421 1577 1619 1627 
447 25 230 284 448 449 450 451 452 453 454 455 456 457 458 
448 284 447 720 
449 284 447 896 897 898 899 900 901 902 903 
450 52 277 284 447 974 1070 1136 1137 1138 
451 447 1313 1314 1315 1316 1317 1318 
452 447 979 1655 
453 36 48 49 52 153 154 270 277 278 280 282 284 333 419 447 454 456 597 598 652 720 721 722 723 724 730 858 886 915 917 953 976 979 1062 1137 1138 1352 1354 1405 1440 1441 1442 1507 1529 1532 1554 1555 1581 1600 1601 1602 1603 1604 1605 1606 1609 1611 1612 1694 1695 1696 1697 1698 1699 1700 1701 1702 1703 1704 1705 1706 1707 1708 1709 1710 1711 1712 
454 25 48 49 52 186 230 277 278 280 282 284 416 447 453 455 456 457 507 614 717 720 721 722 803 974 976 977 978 979 980 982 1071 1132 1138 1241 1352 1353 1354 1355 1356 1405 1424 1440 1441 1442 1462 1470 1527 1554 1600 1680 1686 1687 1688 1690 1698 1701 1710 1712 1789 1815 1830 
455 284 447 454 977 
456 48 52 153 154 270 284 419 447 453 454 847 886 912 917 954 1210 1425 1506 1532 1600 1601 1604 1605 1698 1700 1701 1706 1707 
457 284 447 454 918 983 1068 1472 1582 
458 52 277 282 284 447 977 1068 
459 460 461 
460 268 459 461 812 
461 459 460 1177 1287 
462 330 414 444 463 
463 462 
464 261 272 465 466 467 468 
465 288 399 464 1220 
466 125 183 260 269 272 288 464 468 632 633 955 982 1180 1210 1539 1829 1840 1849 1850 
467 464 470 837 
468 263 269 365 464 466 727 951 978 1160 1299 1509 
469 470 
470 467 469 1846 
471 472 
472 247 399 471 890 1107 1109 1111 1112 1113 1114 1115 1116 1117 1118 1119 1120 1121 1122 1123 
473 474 
474 473 506 541 777 1304 1800 
475 476 
476 72 76 475 886 1802 1803 
477 478 
478 477 1805 
479 480 481 482 
480 479 481 482 886 1624 1673 1818 
481 479 480 482 626 
482 479 480 481 
483 10 11 13 14 484 485 894 911 
484 10 14 483 911 
485 10 483 894 895 
486 487 
487 486 656 657 660 665 666 669 670 671 672 674 675 679 680 713 1019 1283 1331 1366 1775 
488 489 490 491 
489 488 490 513 714 715 831 
490 488 489 714 715 
491 488 1480 
492 493 494 495 496 497 498 499 
493 492 
494 492 495 496 497 498 499 
495 492 494 496 497 498 499 
496 492 494 495 497 498 499 
497 492 494 495 496 498 499 
498 492 494 495 496 497 499 
499 492 494 495 496 497 498 
500 501 502 
501 183 219 500 997 1000 1001 1004 1005 
502 195 266 268 500 726 856 1205 1209 1624 
503 78 382 504 505 506 507 508 509 
504 247 349 503 506 
505 348 503 506 509 1411 
506 305 474 503 504 505 541 577 1625 1823 
507 276 322 454 503 1405 1506 1698 1789 
508 190 503 720 847 1118 1628 1800 
509 503 505 
510 52 511 
511 52 510 720 1071 1132 1405 1440 
512 513 
513 489 512 714 
514 515 516 517 518 519 520 521 522 523 
515 514 516 517 518 519 520 521 
516 514 515 517 518 521 
517 514 515 516 518 519 520 521 523 682 
518 514 515 516 517 519 520 521 523 
519 514 515 517 518 520 521 523 
520 514 515 517 518 519 521 523 
521 514 515 516 517 518 519 520 
522 514 626 878 1127 1128 1129 1852 
523 514 517 518 519 520 1852 
524 525 
525 135 218 524 
526 527 528 529 530 531 532 
527 526 530 532 
528 526 529 530 531 532 
529 526 528 530 531 532 
530 526 527 528 529 531 532 
531 526 528 529 530 532 
532 526 527 528 529 530 531 
533 534 535 536 537 538 
534 533 537 1190 1194 
535 533 536 537 538 
536 533 535 537 538 
537 533 534 535 536 1190 
538 533 535 536 
539 247 633 1538 1539 
540 247 545 548 994 996 1379 1787 
541 247 474 506 545 1115 1289 1304 1379 
542 247 544 545 547 548 847 848 1193 1379 1787 
543 247 544 545 994 995 996 
544 247 542 543 545 546 548 996 1379 
545 193 247 249 304 371 540 541 542 543 544 546 547 548 653 654 657 663 671 709 713 848 992 994 995 996 1014 1017 1378 1379 1400 1453 1672 1674 1710 1775 1776 1787 1827 
546 247 249 544 545 548 663 671 713 1016 1332 1710 1787 
547 247 542 545 1377 
548 247 540 542 544 545 546 663 995 996 1017 
549 550 551 552 553 554 555 556 
550 549 551 552 553 554 555 556 
551 549 550 552 553 554 555 556 
552 549 550 551 553 554 555 556 
553 549 550 551 552 554 556 
554 549 550 551 552 553 555 556 
555 549 550 551 552 554 556 
556 549 550 551 552 553 554 555 
557 558 559 560 
558 557 559 560 
559 557 558 560 
560 557 558 559 1829 
561 88 89 562 563 564 565 566 
562 561 658 856 1368 
563 88 561 564 565 566 957 958 1791 1792 
564 88 561 563 565 1791 
565 88 92 561 563 564 566 613 629 630 958 1791 
566 88 92 561 563 565 613 629 630 958 
567 568 
568 567 925 
569 310 570 
570 569 
571 572 573 
572 571 573 1383 
573 122 193 195 260 571 572 948 1374 1383 1427 1573 1819 
574 575 576 577 578 579 580 
575 574 576 577 578 579 580 
576 574 575 578 579 580 
577 506 574 575 578 579 
578 574 575 576 577 579 580 
579 574 575 576 577 578 
580 574 575 576 578 
581 582 583 
582 581 583 
583 581 582 
584 16 19 20 126 410 585 586 587 588 589 590 591 592 593 594 595 596 
585 16 19 20 584 589 596 684 1024 
586 20 409 584 587 588 591 592 593 594 683 687 688 1024 1025 1026 
587 20 584 586 591 592 593 1025 
588 16 20 217 584 586 592 594 615 683 688 1024 1026 1481 
589 20 290 408 584 585 590 596 1813 
590 19 290 408 584 589 596 813 1029 
591 584 586 587 592 593 688 1025 
592 20 409 584 586 587 588 591 593 594 683 687 688 1024 1025 1026 
593 20 584 586 587 591 592 596 1026 
594 409 584 586 588 592 687 688 1024 1025 1026 
595 584 683 684 688 
596 16 18 19 20 22 125 128 132 133 136 145 146 147 212 214 217 218 236 290 408 410 584 585 589 590 593 1339 1340 
597 36 333 453 598 599 600 
598 25 36 48 49 54 153 154 278 281 334 453 597 723 724 729 821 885 905 953 978 1069 1135 1138 1441 1599 1600 1608 1609 1697 1711 1832 
599 333 597 600 885 1529 1697 1706 1707 
600 54 597 599 885 1132 1134 1441 1607 
601 602 603 
602 145 272 601 1000 1159 1427 
603 306 601 624 1479 
604 605 606 607 608 609 610 611 
605 604 606 607 608 609 610 611 
606 604 605 607 608 609 610 611 
607 604 605 606 608 609 610 611 1015 
608 604 605 606 607 609 610 611 
609 604 605 606 607 608 610 611 
610 604 605 606 607 608 609 611 
611 604 605 606 607 608 609 610 871 
612 142 195 240 613 614 615 
613 88 121 122 126 136 145 146 236 243 309 310 312 320 336 350 565 566 612 658 727 820 947 1177 1216 1217 1284 1343 1398 1399 1722 
614 153 195 233 263 454 612 671 676 820 980 1034 1133 1138 1462 1470 1477 1478 1688 1690 
615 588 612 1719 
616 617 
617 616 
618 619 620 621 622 623 
619 618 620 621 622 623 
620 618 619 621 622 623 
621 618 619 620 623 
622 618 619 620 623 
623 618 619 620 621 622 
624 260 317 603 625 626 
625 306 307 317 318 624 626 856 891 1214 1215 1217 1280 1373 1380 1458 1630 1672 1673 1674 1675 1676 1677 1678 1679 
626 380 481 522 624 625 831 891 1214 1280 1457 1458 1676 
627 312 628 
628 142 204 251 263 288 349 350 627 727 893 1034 1222 1300 1337 1343 1364 1429 1463 1471 1483 1619 1772 
629 565 566 630 631 
630 565 566 629 957 958 1621 1792 1839 
631 87 91 323 381 446 629 1177 1395 1820 1821 
632 466 633 
633 466 539 632 854 872 1538 1539 
634 635 636 637 638 
635 634 637 638 
636 634 
637 634 635 638 
638 634 635 637 
639 640 641 
640 639 641 1126 1654 
641 639 640 1654 
642 643 644 645 
643 642 644 645 
644 642 643 
645 642 643 
646 186 262 269 647 
647 174 646 1305 1372 
648 649 
649 648 715 1419 1480 
650 651 652 
651 376 650 1215 1280 1281 1282 1283 1284 1285 1286 
652 453 650 978 1159 1486 1828 
653 545 654 655 656 657 658 659 660 661 662 663 664 665 666 667 668 669 670 671 672 673 674 675 676 677 678 679 680 
654 545 653 667 709 710 711 712 713 
655 653 657 659 661 663 664 667 668 670 671 672 673 675 676 677 679 825 1018 1019 1328 1329 1330 1331 1332 1333 1334 
656 487 653 659 660 661 662 664 665 671 679 680 1018 1019 
657 371 487 545 653 655 658 661 674 711 712 812 848 849 1023 1178 1331 
658 191 193 323 348 350 446 562 613 653 657 679 778 1051 1115 1174 1175 1176 1177 1178 1289 1291 1306 1307 1308 1309 1369 1397 1484 1535 1575 1577 1618 1619 1620 1622 1627 1718 1819 
659 193 653 655 656 660 661 662 664 668 671 672 677 680 825 1123 
660 487 653 656 659 662 664 665 671 680 1014 1016 1018 1019 
661 249 268 653 655 656 657 659 664 666 667 668 671 673 675 676 678 824 825 1016 1328 1330 1331 1332 1334 1366 1488 1775 
662 193 653 656 659 660 664 665 669 672 673 679 680 
663 249 545 546 548 653 655 665 671 709 713 931 1016 1017 1329 1330 1331 1332 1333 1710 1776 1787 
664 653 655 656 659 660 661 662 665 669 671 673 676 679 680 1018 1019 1330 
665 249 487 653 656 660 662 663 664 671 674 675 679 680 709 1332 1710 1775 
666 487 653 661 671 678 1016 
667 653 654 655 661 671 673 674 675 712 824 825 1017 1332 1344 1542 
668 249 653 655 659 661 670 671 677 678 1328 1331 1332 1366 
669 487 653 662 664 671 672 680 1332 1615 
670 487 653 655 668 674 675 677 712 1366 
671 249 487 545 546 614 653 655 656 659 660 661 663 664 665 666 667 668 669 672 675 676 678 679 680 931 1018 1019 1328 1329 1330 1331 1332 1333 1334 1366 1710 1775 1776 
672 487 653 655 659 662 669 671 675 679 680 
673 193 653 655 661 662 664 667 675 679 
674 487 653 657 665 667 670 675 712 
675 487 653 655 661 665 667 670 671 672 673 674 676 679 680 712 825 931 1017 1019 1021 1331 1344 1366 1776 
676 614 653 655 661 664 671 675 679 825 1328 1330 1331 1332 1333 1334 1488 1775 
677 653 655 659 668 670 679 1329 1332 
678 653 661 666 668 671 680 1018 1019 1020 1023 1328 
679 487 653 655 656 658 662 664 665 671 672 673 675 676 677 680 1178 1575 
680 487 653 656 659 660 662 664 665 669 671 672 675 678 679 1019 1021 
681 682 
682 517 681 
683 16 17 19 20 409 410 586 588 592 595 684 685 686 687 688 
684 19 20 129 585 595 683 
685 683 
686 16 683 688 1024 1476 
687 409 586 592 594 683 688 
688 16 409 412 586 588 591 592 594 595 683 686 687 1024 1025 1026 
689 690 691 692 693 694 695 696 697 698 699 700 701 702 703 704 705 706 
690 689 691 692 693 694 695 696 697 698 699 700 701 702 703 704 705 706 
691 689 690 692 693 694 695 696 697 699 700 701 702 703 704 705 706 
692 689 690 691 693 694 695 697 698 699 700 701 702 703 704 705 706 
693 689 690 691 692 694 695 696 697 698 699 700 701 702 703 704 705 706 
694 689 690 691 692 693 695 696 697 698 699 700 701 703 705 706 
695 689 690 691 692 693 694 696 697 698 699 700 701 702 703 704 705 706 
696 689 690 691 693 694 695 697 698 699 700 701 703 704 705 706 
697 689 690 691 692 693 694 695 696 698 699 700 701 702 703 704 705 706 
698 689 690 692 693 694 695 696 697 699 700 701 702 703 704 705 706 
699 689 690 691 692 693 694 695 696 697 698 700 701 702 703 704 705 706 
700 689 690 691 692 693 694 695 696 697 698 699 701 702 703 704 705 706 
701 689 690 691 692 693 694 695 696 697 698 699 700 702 703 704 705 706 
702 689 690 691 692 693 695 697 698 699 700 701 703 704 705 706 
703 689 690 691 692 693 694 695 696 697 698 699 700 701 702 704 705 706 
704 689 690 691 692 693 695 696 697 698 699 700 701 702 703 705 706 
705 689 690 691 692 693 694 695 696 697 698 699 700 701 702 703 704 706 
706 689 690 691 692 693 694 695 696 697 698 699 700 701 702 703 704 705 
707 126 146 708 
708 707 1013 1222 1534 1577 1621 1622 
709 371 545 654 663 665 713 931 1016 1017 1787 1827 
710 81 654 720 1038 1115 1387 1388 1793 1837 
711 654 657 713 1774 1827 
712 654 657 667 670 674 675 1021 1124 
713 249 487 545 546 654 663 709 711 848 931 1017 1332 1488 1773 1774 1775 
714 489 490 513 715 
715 489 490 649 714 
716 717 718 719 
717 12 277 278 280 286 418 454 716 916 953 1357 1687 1694 
718 716 719 
719 716 718 
720 153 268 283 333 370 448 453 454 508 511 710 802 904 969 1180 1528 1580 1602 1611 1628 1654 1682 1756 1768 1800 1825 
721 277 453 454 722 723 724 
722 52 153 453 454 721 724 978 1270 1529 1832 
723 153 453 598 721 729 1442 1462 1552 1600 1721 
724 25 231 276 281 284 453 598 721 722 1134 1441 1599 1607 1610 1611 
725 195 1030 1031 1032 
726 195 266 502 1160 1208 1209 1211 1682 
727 21 195 468 613 628 950 952 1000 1180 1209 1471 1823 1834 
728 49 729 730 731 
729 39 48 153 277 285 286 598 723 728 730 1069 1072 1555 1597 1598 1600 1643 1695 1704 
730 231 277 453 728 729 981 1358 1401 1439 
731 52 333 418 728 976 1704 
732 80 81 733 734 
733 80 81 732 734 847 
734 80 81 732 733 
735 736 
736 735 818 819 828 829 830 1717 
737 738 
738 737 843 844 
739 740 741 742 743 744 745 
740 739 741 742 743 744 745 
741 739 740 742 743 744 745 
742 739 740 741 743 744 745 
743 739 740 741 742 744 745 
744 739 740 741 742 743 745 
745 739 740 741 742 743 744 
746 312 747 
747 746 1722 1723 1724 1725 1726 1728 1730 1731 1732 1734 1735 1737 1738 
748 749 750 751 
749 748 750 751 
750 748 749 751 
751 748 749 750 
752 753 754 755 756 757 758 759 760 761 
753 752 754 755 756 757 758 759 760 761 762 
754 752 753 755 756 757 758 759 760 761 762 763 
755 752 753 754 756 757 758 759 760 761 762 763 
756 752 753 754 755 757 759 760 
757 752 753 754 755 756 758 759 760 761 762 763 
758 752 753 754 755 757 759 760 761 
759 752 753 754 755 756 757 758 760 761 762 763 
760 752 753 754 755 756 757 758 759 761 763 
761 752 753 754 755 757 758 759 760 762 763 
762 753 754 755 757 759 761 763 
763 754 755 757 759 760 761 762 
764 765 766 767 
765 764 766 1030 1812 1813 
766 764 765 773 
767 764 1030 1437 
768 769 770 
769 768 770 774 
770 768 769 774 
771 772 773 
772 771 
773 766 771 
774 769 770 
775 776 
776 314 775 1376 1757 
777 474 778 
778 191 193 308 336 348 351 658 777 868 1115 1175 1177 1178 1234 1280 1289 1291 1301 1304 1305 1307 1309 1327 1363 1364 1365 1397 1400 1450 1451 1454 1484 1577 1618 1619 1620 1622 1623 1630 1823 1824 
779 780 
780 779 1391 1540 
781 782 
782 781 822 823 947 1367 
783 784 785 786 
784 783 785 786 
785 783 784 786 
786 783 784 785 
787 788 789 790 791 792 793 
788 787 789 790 791 792 793 
789 787 788 790 791 792 793 
790 787 788 789 791 792 793 
791 787 788 789 790 792 793 
792 787 788 789 790 791 793 
793 787 788 789 790 791 792 
794 795 796 797 
795 794 796 797 
796 794 795 797 
797 794 795 796 
798 799 
799 798 
800 801 
801 800 1006 1009 1011 
802 369 720 803 
803 52 265 454 802 844 847 928 1066 1277 1342 
804 805 806 807 808 809 810 811 
805 804 807 809 810 811 
806 804 809 810 1806 1807 
807 804 805 808 811 
808 804 807 809 810 811 826 1806 
809 804 805 806 808 811 1806 1807 
810 804 805 806 808 811 1806 1807 
811 804 805 807 808 809 810 
812 268 460 657 
813 290 590 814 815 
814 813 815 1476 1853 1854 
815 290 813 814 1853 1854 
816 817 818 819 
817 270 816 1689 
818 736 816 819 827 829 830 1716 1717 
819 736 816 818 827 828 829 830 1716 1717 1818 
820 64 192 272 312 320 350 370 613 614 855 947 950 1214 1284 1383 1478 
821 64 281 334 598 978 1507 1705 
822 112 115 146 215 782 823 
823 782 822 1367 1370 
824 661 667 825 
825 655 659 661 667 675 676 824 1332 
826 808 
827 818 819 828 829 830 
828 736 819 827 829 1717 
829 736 818 819 827 828 
830 736 818 819 827 1717 
831 489 626 832 
832 831 
833 834 835 
834 65 365 833 
835 263 833 847 992 1794 
836 837 838 839 840 
837 467 836 840 
838 382 836 1239 1359 1360 1361 
839 836 840 
840 836 837 839 
841 842 
842 841 
843 738 
844 265 738 803 1286 1466 1690 1825 1835 
845 846 847 848 
846 845 856 944 
847 268 456 508 542 733 803 835 845 946 1183 1216 1507 1707 1839 1855 
848 542 545 657 713 845 1775 
849 657 
850 851 
851 446 850 1420 
852 853 
853 852 
854 633 
855 820 856 857 858 
856 502 562 625 846 855 1468 1672 1674 1678 1679 1796 
857 855 1133 1532 1698 
858 453 855 1274 1325 1698 1796 
859 100 860 861 862 863 864 865 866 
860 100 859 861 862 863 865 
861 100 859 860 862 863 864 865 866 
862 100 859 860 861 863 864 865 866 
863 100 859 860 861 862 864 865 866 
864 100 859 861 862 863 865 866 
865 100 859 860 861 862 863 864 866 
866 100 859 861 862 863 864 865 
867 868 869 870 871 872 873 874 875 
868 191 204 309 778 867 993 1451 1454 1478 1483 
869 867 929 1841 
870 867 871 874 1216 1326 1576 
871 281 611 867 870 873 874 905 1134 1305 1379 
872 122 633 867 875 1190 1194 1856 
873 867 871 
874 263 370 867 870 871 1034 1192 1619 
875 204 867 872 1698 1838 
876 877 878 
877 876 1126 1129 1654 
878 522 876 1126 1127 1128 
879 880 
880 365 879 1386 1388 
881 882 
882 336 881 
883 81 884 885 886 
884 883 
885 154 333 419 598 599 600 883 905 1526 1697 1756 
886 72 76 85 153 270 453 456 476 480 883 1035 1190 1276 1325 1466 1803 
887 888 
888 887 1034 1283 
889 890 891 
890 399 400 472 889 1106 1109 1120 1220 1800 
891 317 625 626 889 1214 1217 1675 
892 893 
893 628 892 932 1006 1362 1451 
894 11 483 485 895 
895 11 485 894 1755 
896 449 897 898 899 900 901 902 903 
897 449 896 900 901 902 903 
898 449 896 901 902 903 
899 449 896 900 901 902 903 
900 449 896 897 899 901 903 
901 449 896 897 898 899 900 902 903 
902 449 896 897 898 899 901 903 
903 449 896 897 898 899 900 901 902 
904 333 334 720 905 
905 39 281 598 871 885 904 1137 1284 1326 1529 1698 1837 
906 907 908 909 910 
907 288 906 908 909 910 1218 
908 906 907 910 1218 1833 
909 906 907 910 1218 
910 906 907 908 909 1218 1833 
911 14 483 484 
912 418 456 913 914 915 916 917 918 
913 912 
914 154 270 912 917 1274 
915 12 154 278 280 282 284 285 418 453 912 916 918 953 976 1352 1555 1601 1606 1687 
916 52 277 284 418 717 912 915 917 1555 1602 1687 
917 154 282 285 453 456 912 914 916 918 1505 1506 1526 1600 1601 1602 1604 1609 1703 1706 1707 
918 52 280 285 333 457 912 915 917 977 979 981 1277 1601 1604 1606 1686 1687 1695 1706 1860 
919 920 921 922 923 924 
920 919 921 922 923 924 
921 919 920 922 923 924 
922 919 920 921 923 924 
923 919 920 921 922 924 
924 919 920 921 922 923 
925 568 
926 927 928 
927 926 929 
928 269 284 803 926 1278 1381 1426 
929 268 307 869 927 1371 1394 1690 
930 931 
931 663 671 675 709 713 930 1331 1366 1710 1774 1827 
932 893 
933 934 935 936 937 938 939 940 
934 933 936 938 940 
935 933 937 
936 933 934 938 940 
937 933 935 
938 933 934 936 940 
939 933 
940 933 934 936 938 
941 942 943 
942 941 
943 941 1207 1462 1465 1466 1472 
944 262 846 1000 1031 1382 
945 174 
946 847 
947 613 782 820 948 949 
948 191 350 573 947 952 1429 1619 
949 310 315 947 1284 1342 
950 727 820 951 952 
951 22 204 468 950 952 1848 1856 
952 727 948 950 951 
953 12 284 453 598 717 915 1599 
954 12 456 1460 
955 12 466 1834 1844 
956 12 269 1836 
957 563 630 958 
958 88 563 565 566 630 957 1791 1792 
959 284 960 961 
960 286 959 983 1136 1404 1489 
961 959 
962 963 964 965 966 967 968 969 970 971 972 973 
963 962 965 966 967 968 969 970 971 972 973 
964 962 965 969 971 972 
965 962 963 964 968 969 972 
966 962 963 967 968 969 972 
967 962 963 966 968 969 972 
968 962 963 965 966 967 969 971 
969 720 962 963 964 965 966 967 968 970 971 972 973 978 1277 
970 962 963 969 972 973 
971 962 963 964 968 969 
972 962 963 964 965 966 967 969 970 
973 962 963 969 970 
974 229 284 450 454 975 976 977 978 979 980 981 982 983 
975 974 
976 52 153 285 418 453 454 731 915 974 1072 1687 1704 
977 49 277 286 416 454 455 458 918 974 1357 1486 
978 48 261 268 272 454 468 598 652 722 821 969 974 1405 
979 52 285 418 452 453 454 918 974 1555 1600 1685 1701 
980 263 454 614 974 1462 
981 284 730 918 974 1066 1067 1439 
982 269 454 466 974 1372 1794 1831 1849 
983 417 457 960 974 1135 1136 1442 1472 
984 985 986 987 988 
985 984 986 987 988 
986 984 985 987 988 
987 984 985 986 988 
988 984 985 986 987 
989 990 991 
990 989 991 
991 989 990 
992 304 545 835 993 994 995 996 
993 349 351 868 992 1000 1004 1307 1619 
994 78 540 543 545 992 996 
995 304 543 545 548 992 1115 1290 1301 1378 1379 1451 1453 1625 
996 304 540 543 544 545 548 992 994 1305 1378 1379 
997 501 998 999 1000 1001 1002 1003 
998 370 997 999 1037 1795 
999 997 998 1000 1002 1004 1005 
1000 93 315 320 501 602 727 944 993 997 999 1002 1003 1004 1005 1429 1823 
1001 272 501 997 1003 1004 1005 1844 
1002 315 997 999 1000 1003 1005 
1003 183 997 1000 1001 1002 1005 1628 
1004 316 501 993 999 1000 1001 1005 
1005 501 999 1000 1001 1002 1003 1004 
1006 801 893 1007 1008 1009 1010 1011 1012 1013 
1007 1006 1008 1009 1010 1011 1111 1752 
1008 1006 1007 1009 1010 1011 1012 1111 1613 1752 
1009 801 1006 1007 1008 1011 1012 1111 1540 1752 
1010 1006 1007 1008 1011 1012 1111 1752 
1011 801 1006 1007 1008 1009 1010 1012 1111 1752 
1012 1006 1008 1009 1010 1011 1111 1613 1752 
1013 93 245 310 708 1006 1222 1534 1577 
1014 545 660 1015 1016 1017 1018 1019 1020 1021 1022 1023 
1015 607 1014 
1016 546 660 661 663 666 709 1014 1019 1020 1022 1332 1334 1366 1379 1710 
1017 249 545 548 663 667 675 709 713 1014 1023 1280 1542 1710 
1018 655 656 660 664 671 678 1014 1023 
1019 249 487 655 656 660 664 671 675 678 680 1014 1016 1020 1021 1022 1023 1332 1366 1775 
1020 678 1014 1016 1019 1021 1022 1023 
1021 675 680 712 1014 1019 1020 1022 1124 1710 
1022 1014 1016 1019 1020 1021 
1023 657 678 1014 1017 1018 1019 1020 
1024 16 409 585 586 588 592 594 686 688 1025 1026 
1025 16 407 409 412 586 587 591 592 594 688 1024 1026 
1026 16 409 586 588 592 593 594 688 1024 1025 
1027 290 1028 1029 
1028 290 1027 1029 1813 1842 
1029 290 408 590 1027 1028 1030 1812 1813 
1030 290 725 765 767 1029 1437 1481 1812 1813 
1031 725 944 1129 
1032 725 1741 1744 1746 1748 1749 
1033 1034 
1034 614 628 874 888 1033 1507 1509 
1035 446 886 1036 1037 1038 
1036 1035 1272 1817 
1037 998 1035 1795 
1038 446 710 1035 1410 1421 
1039 270 
1040 1041 1042 1043 1044 1045 1046 
1041 1040 
1042 1040 1043 1044 1045 1046 
1043 1040 1042 1044 1045 1046 
1044 1040 1042 1043 1045 1046 
1045 1040 1042 1043 1044 1046 
1046 1040 1042 1043 1044 1045 
1047 1048 1049 1050 1051 
1048 1047 1049 1050 1051 
1049 1047 1048 1050 1051 1175 1308 
1050 1047 1048 1049 1051 
1051 658 1047 1048 1049 1050 
1052 1053 1054 1055 
1053 1052 1054 1055 
1054 1052 1053 1055 
1055 1052 1053 1054 
1056 1057 1058 1059 1060 1061 
1057 270 1056 1058 1059 1060 1061 1698 1808 1809 1810 
1058 270 1056 1057 1059 1060 1698 
1059 1056 1057 1058 1060 1061 1809 
1060 1056 1057 1058 1059 1061 
1061 270 1056 1057 1059 1060 
1062 453 
1063 230 1064 1065 1066 1067 1068 1069 
1064 1063 1270 1271 
1065 1063 1486 
1066 229 803 981 1063 1067 1527 1706 
1067 154 981 1063 1066 1472 
1068 52 230 277 280 282 286 457 458 1063 1357 1440 1609 1686 1705 
1069 284 417 598 729 1063 1135 1600 
1070 229 450 1312 1790 
1071 52 229 454 511 1405 1612 
1072 49 229 729 976 1832 
1073 1074 1075 1076 1077 
1074 1073 1075 1076 1077 
1075 1073 1074 1076 1771 
1076 217 1073 1074 1075 1077 1848 
1077 1073 1074 1076 
1078 1079 1080 1081 1082 1083 1084 1085 1086 1087 1088 1089 1090 1091 
1079 1078 1080 1082 1083 1084 1085 1087 1088 1089 1090 1091 
1080 1078 1079 1081 1085 1086 1087 1089 1090 1091 
1081 1078 1080 1084 1085 1087 1089 1090 
1082 1078 1079 1084 1085 1086 1088 1089 1090 1091 
1083 1078 1079 1085 1086 1087 1089 1091 
1084 1078 1079 1081 1082 1085 1086 1087 1088 1089 1090 1091 
1085 1078 1079 1080 1081 1082 1083 1084 1087 1088 1089 1090 
1086 1078 1080 1082 1083 1084 1087 1088 1089 1090 1091 
1087 1078 1079 1080 1081 1083 1084 1085 1086 1089 1090 1091 
1088 1078 1079 1082 1084 1085 1086 1090 1091 
1089 1078 1079 1080 1081 1082 1083 1084 1085 1086 1087 1090 1091 
1090 1078 1079 1080 1081 1082 1084 1085 1086 1087 1088 1089 1091 
1091 1078 1079 1080 1082 1083 1084 1086 1087 1088 1089 1090 
1092 1093 1094 1095 1096 1097 1098 1099 1100 1101 1102 1103 1104 1105 
1093 1092 1094 1095 1096 1097 1098 1099 1100 1101 1102 1104 1105 
1094 1092 1093 1095 1096 1097 1098 1099 1101 1102 1103 1104 1105 
1095 1092 1093 1094 1096 1097 1098 1099 1100 1101 1102 1103 1104 1105 
1096 1092 1093 1094 1095 1097 1098 1099 1101 1102 1103 1104 1105 
1097 1092 1093 1094 1095 1096 1098 1099 1101 1102 1104 1105 
1098 1092 1093 1094 1095 1096 1097 1100 1101 1102 1103 1104 1105 
1099 1092 1093 1094 1095 1096 1097 1101 1102 1104 1105 
1100 1092 1093 1095 1098 1101 1104 1105 
1101 1092 1093 1094 1095 1096 1097 1098 1099 1100 1102 1103 1104 1105 
1102 1092 1093 1094 1095 1096 1097 1098 1099 1101 1103 1104 1105 
1103 1092 1094 1095 1096 1098 1101 1102 1105 
1104 1092 1093 1094 1095 1096 1097 1098 1099 1100 1101 1102 1105 
1105 1092 1093 1094 1095 1096 1097 1098 1099 1100 1101 1102 1103 1104 
1106 288 890 1107 
1107 288 472 1106 1109 1115 1118 1121 
1108 399 1109 1110 
1109 401 472 890 1107 1108 1113 1115 1118 1120 1121 1220 1800 
1110 1108 1235 
1111 472 1007 1008 1009 1010 1011 1012 1752 
1112 472 1114 1116 1117 1119 1122 
1113 399 472 1109 1115 1118 1121 1123 1800 
1114 472 1112 1116 1117 1119 1122 
1115 142 272 288 399 472 541 658 710 778 995 1107 1109 1113 1118 1121 1123 1175 1304 1308 1382 
1116 472 1112 1114 1117 1122 
1117 472 1112 1114 1116 1119 1122 
1118 399 401 472 508 1107 1109 1113 1115 1121 1123 1800 
1119 472 1112 1114 1117 1122 
1120 399 472 890 1109 1220 1800 
1121 396 399 401 472 1107 1109 1113 1115 1118 1123 
1122 472 1112 1114 1116 1117 1119 
1123 307 472 659 1113 1115 1118 1121 1800 
1124 288 712 1021 
1125 1126 1127 1128 1129 
1126 640 877 878 1125 1127 1128 1129 1654 
1127 522 878 1125 1126 1128 1129 1421 
1128 522 878 1125 1126 1127 1129 
1129 522 877 1031 1125 1126 1127 1128 1654 
1130 1131 
1131 1130 1814 
1132 454 511 600 1133 1134 1135 
1133 52 154 268 284 614 857 1132 1270 1425 1680 
1134 36 39 54 276 281 284 417 600 724 871 1132 1527 1552 1607 1609 1610 1611 
1135 417 598 983 1069 1132 1602 
1136 36 450 960 983 1858 
1137 52 277 284 450 453 905 1138 1690 1830 
1138 52 276 450 453 454 598 614 1137 1157 1357 1441 1462 1610 1694 1707 1783 
1139 1140 
1140 1139 1857 
1141 1142 1143 1144 1145 1146 1147 1148 1149 1150 1151 1152 
1142 1141 1144 1145 1147 1149 1150 1151 1152 
1143 1141 1144 1145 1146 1147 1150 1151 1152 
1144 1141 1142 1143 1145 1146 1147 1148 1149 1150 1151 1152 
1145 1141 1142 1143 1144 1146 1148 1149 1150 1152 
1146 1141 1143 1144 1145 1147 1148 1149 1150 1151 1152 
1147 1141 1142 1143 1144 1146 1148 1149 1150 
1148 344 1141 1144 1145 1146 1147 1150 1799 
1149 1141 1142 1144 1145 1146 1147 1152 
1150 1141 1142 1143 1144 1145 1146 1147 1148 1151 1152 
1151 1141 1142 1143 1144 1146 1150 1152 
1152 1141 1142 1143 1144 1145 1146 1149 1150 1151 
1153 325 
1154 1155 
1155 1154 
1156 369 1157 
1157 371 1138 1156 1805 
1158 1159 1160 
1159 186 272 602 652 1158 
1160 266 468 726 1158 1673 1800 
1161 1162 1163 1164 1165 
1162 1161 1163 1164 1165 
1163 1161 1162 1164 1165 1411 1828 
1164 1161 1162 1163 1165 
1165 1161 1162 1163 1164 
1166 1167 
1167 314 319 322 1166 1375 
1168 1169 1170 
1169 1168 1478 1558 
1170 1168 1231 
1171 105 122 126 130 132 215 
1172 105 108 145 146 212 245 
1173 105 110 119 122 126 245 1322 
1174 193 348 658 1175 1176 1177 1178 
1175 193 351 658 778 1049 1115 1174 1176 1177 1178 1291 1301 1303 1307 1308 1309 1343 1364 1368 1451 1484 1575 1577 1618 1619 1620 1621 1622 1623 1624 1625 1626 1627 1628 
1176 142 658 1174 1175 1177 1369 
1177 75 305 313 323 336 348 461 613 631 658 778 1174 1175 1176 1291 1301 1303 1307 1308 1309 1392 1395 1396 1397 1398 1450 1484 1620 1622 1623 1627 
1178 657 658 679 778 1174 1175 1574 1575 
1179 1180 
1180 261 272 466 720 727 1179 
1181 274 375 1215 
1182 1183 
1183 847 1182 
1184 153 1185 
1185 153 417 1184 1631 
1186 1187 1188 1189 
1187 1186 1188 
1188 1186 1187 1189 
1189 1186 1188 
1190 215 235 266 305 309 351 534 537 872 886 1191 1192 1193 1194 1195 1196 1197 1198 
1191 351 1190 1196 1197 1198 
1192 874 1190 1822 
1193 542 1190 1822 
1194 351 534 872 1190 1197 1198 
1195 351 1190 1197 
1196 351 1190 1191 1197 1198 
1197 351 1190 1191 1194 1195 1196 1198 
1198 351 1190 1191 1194 1196 1197 
1199 1200 1201 1202 1203 1204 
1200 1199 1201 1202 1203 1204 
1201 344 1199 1200 1202 1203 1204 
1202 344 1199 1200 1201 1203 
1203 1199 1200 1201 1202 
1204 1199 1200 1201 1818 
1205 135 266 271 502 1206 1207 1208 1209 1210 1211 
1206 268 1205 1210 
1207 943 1205 1208 1210 1681 1682 
1208 73 266 305 310 726 1205 1207 1209 1210 1211 
1209 266 502 726 727 1205 1208 1210 1211 
1210 268 271 456 466 1205 1206 1207 1208 1209 1211 1681 1682 
1211 266 726 1205 1208 1209 1210 
1212 1213 
1213 1212 1239 1359 1446 1447 
1214 307 317 323 625 626 820 891 1215 1216 1217 
1215 378 625 651 1181 1214 1458 1673 
1216 76 156 613 847 870 1214 1217 1284 1326 1693 1801 
1217 272 613 625 891 1214 1216 1458 1675 1677 1693 
1218 907 908 909 910 1833 
1219 326 
1220 399 465 890 1109 1120 
1221 122 126 128 145 238 1222 1223 1224 
1222 122 288 628 708 1013 1221 1224 
1223 108 122 126 128 234 1221 1224 1819 
1224 113 121 126 128 145 146 147 202 204 205 214 217 218 234 243 1221 1222 1223 1573 1619 1819 
1225 1226 1227 1228 1229 
1226 1225 1228 
1227 1225 
1228 1225 1226 
1229 1225 
1230 1231 1232 
1231 1170 1230 1232 
1232 1230 1231 1847 
1233 397 1234 1235 1236 
1234 778 1233 1304 1307 1400 1623 1804 
1235 396 397 402 1110 1233 
1236 311 1233 1304 1452 1453 
1237 284 
1238 1239 
1239 838 1213 1238 1359 1445 1446 1447 1504 
1240 1241 1242 
1241 284 454 1240 1242 
1242 1240 1241 
1243 1244 1245 1246 1247 1248 1249 1250 1251 1252 1253 1254 1255 1256 1257 1258 1259 1260 1261 1262 1263 1264 1265 1266 1267 1268 1269 
1244 1243 
1245 1243 1249 1269 
1246 1243 1247 1248 1250 1251 1252 1253 1254 1255 1256 1257 1258 1260 1261 1262 1263 1264 1265 1266 1268 
1247 1243 1246 1248 1251 1252 1253 1254 1255 1257 1260 1262 1263 1264 1265 1266 1268 
1248 1243 1246 1247 1250 1251 1253 1261 1262 1263 1266 1267 
1249 1243 1245 1269 
1250 1243 1246 1248 1251 1252 1253 1254 1255 1257 1258 1260 1261 1262 1263 1264 1265 1268 
1251 1243 1246 1247 1248 1250 1252 1253 1254 1255 1256 1257 1258 1260 1261 1262 1263 1264 1265 1268 
1252 1243 1246 1247 1250 1251 1253 1254 1255 1256 1257 1258 1260 1262 1263 1264 1265 1268 
1253 1243 1246 1247 1248 1250 1251 1252 1254 1255 1256 1257 1258 1259 1260 1261 1262 1263 1264 1265 1266 1267 1268 
1254 1243 1246 1247 1250 1251 1252 1253 1255 1256 1257 1258 1260 1261 1262 1263 1264 1265 1266 1268 
1255 1243 1246 1247 1250 1251 1252 1253 1254 1256 1257 1258 1260 1261 1262 1263 1264 1265 1266 1267 1268 
1256 1243 1246 1251 1252 1253 1254 1255 1257 1261 1262 1263 1264 1265 1266 1268 
1257 1243 1246 1247 1250 1251 1252 1253 1254 1255 1256 1258 1259 1260 1261 1262 1263 1264 1265 1266 1268 
1258 1243 1246 1250 1251 1252 1253 1254 1255 1257 1259 1260 1261 1262 1263 1264 1265 1266 1268 
1259 1243 1253 1257 1258 1261 1262 1264 
1260 1243 1246 1247 1250 1251 1252 1253 1254 1255 1257 1258 1261 1262 1263 1264 1265 1266 1267 1268 
1261 1243 1246 1248 1250 1251 1253 1254 1255 1256 1257 1258 1259 1260 1262 1263 1264 1265 1266 1268 
1262 1243 1246 1247 1248 1250 1251 1252 1253 1254 1255 1256 1257 1258 1259 1260 1261 1263 1264 1265 1266 1268 
1263 1243 1246 1247 1248 1250 1251 1252 1253 1254 1255 1256 1257 1258 1260 1261 1262 1264 1265 1266 1268 
1264 1243 1246 1247 1250 1251 1252 1253 1254 1255 1256 1257 1258 1259 1260 1261 1262 1263 1265 1266 1267 1268 
1265 1243 1246 1247 1250 1251 1252 1253 1254 1255 1256 1257 1258 1260 1261 1262 1263 1264 1266 1268 
1266 1243 1246 1247 1248 1253 1254 1255 1256 1257 1258 1260 1261 1262 1263 1264 1265 1268 
1267 1243 1248 1253 1255 1260 1264 
1268 1243 1246 1247 1250 1251 1252 1253 1254 1255 1256 1257 1258 1260 1261 1262 1263 1264 1265 1266 
1269 1243 1245 1249 
1270 49 52 722 1064 1133 1440 1441 1442 
1271 52 1064 1759 1826 
1272 1036 
1273 1274 
1274 858 914 1273 
1275 268 
1276 153 886 1277 1278 
1277 803 918 969 1276 1470 1690 
1278 928 1276 1466 1689 
1279 52 
1280 625 626 651 778 1017 1306 1541 1542 1543 1544 1545 1546 
1281 651 1282 1285 1286 1673 
1282 227 377 651 1281 1286 
1283 370 487 651 888 1609 
1284 75 76 192 272 274 307 446 613 651 820 905 949 1216 1305 1324 1326 1579 1676 1801 1837 
1285 284 651 1281 1286 
1286 651 844 1281 1282 1285 1428 
1287 268 461 
1288 1289 1290 1291 
1289 304 308 309 348 446 541 658 778 1288 1301 1302 1303 1304 1305 1306 1307 1308 1309 
1290 190 308 995 1288 1304 1451 1452 1484 1577 
1291 348 658 778 1175 1177 1288 1301 1303 1307 1308 1363 1395 1397 1622 1627 1675 1857 
1292 1293 1294 1295 1296 1297 1298 
1293 1292 1294 1295 1296 1297 1298 
1294 1292 1293 1295 1296 1297 1298 
1295 1292 1293 1294 1296 1298 
1296 1292 1293 1294 1295 1297 1298 
1297 1292 1293 1294 1296 1298 
1298 1292 1293 1294 1295 1296 1297 
1299 264 468 1300 
1300 288 628 1299 1850 
1301 348 778 995 1175 1177 1289 1291 1307 
1302 245 309 310 1289 
1303 1175 1177 1289 1291 1304 1307 1623 
1304 309 348 474 541 778 1115 1234 1236 1289 1290 1303 1307 1453 1484 
1305 190 446 647 778 871 996 1284 1289 1307 1309 1363 1453 1619 
1306 75 331 658 1280 1289 1408 1542 
1307 304 308 348 658 778 993 1175 1177 1234 1289 1291 1301 1303 1304 1305 1309 1343 1393 1400 1451 1484 1623 1625 1630 1804 1824 
1308 658 1049 1115 1175 1177 1289 1291 1369 1451 1484 1577 1618 1626 1677 1811 
1309 190 348 349 350 351 658 778 1175 1177 1289 1305 1307 1363 1618 1619 
1310 1311 
1311 1310 
1312 1070 
1313 451 1314 1315 1316 1317 1318 
1314 451 1313 1315 1316 1317 1318 
1315 451 1313 1314 1316 1317 1318 
1316 451 1313 1314 1315 1317 1318 
1317 451 1313 1314 1315 1316 1318 
1318 451 1313 1314 1315 1316 1317 
1319 1320 
1320 1319 
1321 1322 1323 
1322 234 1173 1321 1323 
1323 123 215 234 1321 1322 
1324 1284 1325 1326 1327 
1325 858 886 1324 
1326 870 905 1216 1284 1324 
1327 336 778 1324 1451 1619 
1328 655 661 668 671 676 678 1330 1334 1487 1488 
1329 655 663 671 677 1330 1332 1333 
1330 249 655 661 663 664 671 676 1328 1329 1331 1332 1333 1334 1487 1488 1775 
1331 487 655 657 661 663 668 671 675 676 931 1330 1332 1366 
1332 249 546 655 661 663 665 667 668 669 671 676 677 713 825 1016 1019 1329 1330 1331 1333 1334 1366 1487 1488 1710 1775 
1333 655 663 671 676 1329 1330 1332 
1334 655 661 671 676 1016 1328 1330 1332 1487 1488 1710 1775 
1335 118 126 127 130 132 146 201 235 
1336 108 114 118 120 126 129 130 132 134 141 146 201 212 216 237 245 
1337 108 118 125 129 146 201 212 216 239 628 
1338 22 106 108 114 118 120 125 127 129 130 132 134 141 143 146 201 
1339 108 123 126 147 201 206 215 408 596 
1340 118 132 135 146 201 212 236 242 408 596 
1341 22 288 1342 1343 1344 
1342 803 949 1341 1377 1381 
1343 142 217 226 351 613 628 1175 1307 1341 1382 1411 1626 1770 1772 
1344 288 667 675 1341 1391 
1345 1346 1347 1348 1349 1350 1351 
1346 1345 1347 1348 1349 1350 1351 
1347 1345 1346 1348 1349 1350 1351 
1348 1345 1346 1347 1349 1350 1351 
1349 1345 1346 1347 1348 1350 1351 
1350 1345 1346 1347 1348 1349 1351 
1351 1345 1346 1347 1348 1349 1350 
1352 230 280 286 453 454 915 1464 1554 1686 1695 
1353 230 454 1354 1505 1507 1509 
1354 230 276 277 281 284 453 454 1353 1486 
1355 48 49 230 454 1788 
1356 230 454 1464 1783 1815 
1357 49 230 277 284 717 977 1068 1138 1440 1485 1686 
1358 48 230 281 284 730 1404 
1359 838 1213 1239 1446 1447 1504 
1360 293 838 1447 1503 
1361 838 1447 1504 
1362 893 1363 1364 1365 
1363 336 351 446 778 1291 1305 1309 1362 1450 1484 1577 1618 1619 
1364 122 191 628 778 1175 1362 1365 1451 1484 1622 1819 
1365 191 778 1362 1364 1622 1626 
1366 249 487 661 668 670 671 675 931 1016 1019 1331 1332 
1367 782 823 1368 1369 1370 1371 
1368 204 562 1175 1367 1371 1618 
1369 142 658 1176 1308 1367 
1370 823 1367 
1371 204 929 1367 1368 
1372 135 199 306 647 982 1373 
1373 625 1372 1380 1693 
1374 573 
1375 303 314 319 321 322 1167 1376 
1376 303 314 321 322 776 1375 1690 
1377 304 547 1342 1378 1379 
1378 304 545 995 996 1377 1400 
1379 304 540 541 542 544 545 871 995 996 1016 1377 
1380 260 625 1373 1675 
1381 260 928 1342 1619 1712 
1382 260 397 944 1115 1343 
1383 122 260 572 573 820 
1384 1385 
1385 1384 
1386 365 880 1387 1388 1389 
1387 365 710 1386 1388 1389 1825 
1388 365 710 880 1386 1387 1389 
1389 1386 1387 1388 
1390 1391 
1391 780 1344 1390 1400 1459 
1392 317 336 421 1177 1393 1394 1395 1396 1397 1398 1399 1400 
1393 305 336 1307 1392 1623 
1394 317 421 929 1392 1395 1627 
1395 75 323 421 631 1177 1291 1392 1394 1397 1620 1627 
1396 336 1177 1392 1398 1399 1454 
1397 318 658 778 1177 1291 1392 1395 1400 
1398 336 613 1177 1392 1396 1399 
1399 92 145 317 336 613 1392 1396 1398 1479 1663 1678 
1400 545 778 1234 1307 1378 1391 1392 1397 1623 1804 
1401 284 730 
1402 39 52 1403 1404 1405 
1403 52 284 1402 
1404 39 284 960 1358 1402 
1405 52 153 453 454 507 511 978 1071 1402 1440 1442 1554 1607 1711 1832 
1406 1407 1408 
1407 1406 
1408 1306 1406 1456 
1409 1410 1411 
1410 92 93 1038 1409 1428 1535 
1411 233 288 505 1163 1343 1409 1848 
1412 2 3 4 5 6 7 8 1413 1414 1415 1416 
1413 2 3 4 5 8 1412 1414 1415 1416 
1414 3 4 5 6 8 1412 1413 1415 
1415 2 3 4 5 6 7 8 1412 1413 1414 1416 
1416 3 4 5 6 7 8 1412 1413 1415 
1417 173 
1418 1419 
1419 649 1418 1480 
1420 851 1421 
1421 446 1038 1127 1420 1740 1747 1748 
1422 1423 
1423 1422 
1424 54 276 283 454 1425 1426 
1425 52 54 456 1133 1424 1464 1486 1527 1599 
1426 276 928 1424 1721 
1427 272 573 602 1428 1429 
1428 1286 1410 1427 
1429 125 145 146 192 628 948 1000 1427 1678 
1430 1431 1432 1433 1434 1435 1436 1437 1438 
1431 1430 1432 1433 1434 1435 1436 1437 1438 
1432 1430 1431 1433 1434 1435 1436 1438 
1433 1430 1431 1432 1435 1436 1437 1438 
1434 1430 1431 1432 1437 1438 
1435 1430 1431 1432 1433 1436 1437 1438 
1436 1430 1431 1432 1433 1435 1437 1438 
1437 767 1030 1430 1431 1433 1434 1435 1436 1438 1482 
1438 1430 1431 1432 1433 1434 1435 1436 1437 
1439 417 730 981 
1440 154 231 276 284 453 454 511 1068 1270 1357 1405 1607 
1441 25 52 276 281 453 454 598 600 724 1138 1270 1554 1599 1607 1705 1712 
1442 52 282 333 453 454 723 983 1270 1405 1709 1832 
1443 1444 
1444 1443 1486 
1445 1239 1446 1447 
1446 1213 1239 1359 1445 1447 1504 
1447 1213 1239 1359 1360 1361 1445 1446 1503 
1448 237 
1449 126 
1450 778 1177 1363 1451 
1451 193 311 323 351 778 868 893 995 1175 1290 1307 1308 1327 1364 1450 1454 1484 1619 
1452 190 1236 1290 1453 1454 1455 
1453 545 995 1236 1304 1305 1452 
1454 778 868 1396 1451 1452 1625 
1455 1452 1688 
1456 1408 1457 
1457 626 1456 1673 1690 
1458 625 626 1215 1217 
1459 1391 
1460 954 
1461 81 
1462 153 454 614 723 943 980 1138 1463 1464 1465 1466 1467 1468 1469 1470 1471 1472 1473 1474 1475 
1463 628 1462 1483 1484 
1464 153 154 277 1352 1356 1425 1462 1472 1815 
1465 153 943 1462 1466 1472 
1466 52 76 844 886 943 1278 1462 1465 1835 
1467 1462 1474 
1468 74 307 856 1462 1578 
1469 49 153 154 418 1462 
1470 48 263 454 614 1277 1462 1688 1712 
1471 628 727 1462 1475 
1472 284 286 457 943 983 1067 1462 1464 1465 
1473 1462 1474 
1474 1462 1467 1473 
1475 263 268 1462 1471 1844 
1476 686 814 
1477 312 614 1478 1479 
1478 183 272 309 312 614 820 868 1169 1477 1861 
1479 603 1399 1477 
1480 491 649 1419 
1481 406 588 1030 1812 
1482 406 1437 
1483 204 312 628 868 1463 
1484 348 658 778 1175 1177 1290 1304 1307 1308 1363 1364 1451 1463 1619 1620 1823 
1485 1357 
1486 286 652 977 1065 1354 1425 1444 1555 
1487 1328 1330 1332 1334 
1488 661 676 713 1328 1330 1332 1334 1774 
1489 960 1490 1491 1492 1493 1494 1495 1496 1497 1498 1499 1500 1501 1502 
1490 1489 1491 1494 1495 1500 
1491 1489 1490 1492 1493 1494 1495 1496 1497 1498 1499 1500 1501 
1492 1489 1491 1493 1494 1495 1496 1497 1498 1499 1500 1501 
1493 1489 1491 1492 1494 1495 1496 1497 1499 1500 1501 1502 
1494 1489 1490 1491 1492 1493 1495 1496 1498 1499 1500 1501 1502 
1495 1489 1490 1491 1492 1493 1494 1498 1499 1500 1501 
1496 1489 1491 1492 1493 1494 1497 1499 1500 1501 
1497 1489 1491 1492 1493 1496 1500 1501 
1498 1489 1491 1492 1494 1495 1499 1500 1501 1502 
1499 1489 1491 1492 1493 1494 1495 1496 1498 1501 1502 
1500 1489 1490 1491 1492 1493 1494 1495 1496 1497 1498 
1501 1489 1491 1492 1493 1494 1495 1496 1497 1498 1499 1502 
1502 1489 1493 1494 1498 1499 1501 
1503 1360 1447 1504 
1504 1239 1359 1361 1446 1503 
1505 917 1353 1506 1507 1508 1509 1510 1511 1512 1513 1514 1515 1516 1517 1518 1519 1520 1521 1522 1523 1524 1525 
1506 39 154 276 456 507 917 1505 1509 
1507 453 821 847 1034 1353 1505 1509 1794 
1508 1505 1510 1511 1513 1514 1519 1520 1521 1522 
1509 468 1034 1353 1505 1506 1507 
1510 1505 1508 1511 1513 1514 1519 1521 1525 
1511 1505 1508 1510 1513 1514 1519 1520 1521 1522 1525 
1512 1505 1515 1516 1517 1518 1523 1524 
1513 1505 1508 1510 1511 1519 1520 1525 
1514 1505 1508 1510 1511 1519 1520 1521 1522 1525 
1515 1505 1512 1516 1518 1523 1524 
1516 1505 1512 1515 1517 1518 1523 1524 
1517 1505 1512 1516 1518 1523 1524 
1518 1505 1512 1515 1516 1517 1523 1524 
1519 1505 1508 1510 1511 1513 1514 1520 1521 1522 1525 
1520 1505 1508 1511 1513 1514 1519 1521 1522 1525 
1521 1505 1508 1510 1511 1514 1519 1520 1525 
1522 1505 1508 1511 1514 1519 1520 1525 
1523 1505 1512 1515 1516 1517 1518 1524 
1524 1505 1512 1515 1516 1517 1518 1523 
1525 1505 1510 1511 1513 1514 1519 1520 1521 1522 
1526 39 52 885 917 1527 1528 1529 1530 
1527 49 454 1066 1134 1425 1526 
1528 720 1526 1698 1706 1707 1825 
1529 52 154 453 599 722 905 1526 1697 1700 
1530 52 1526 1586 
1531 1532 1533 
1532 85 453 456 857 1531 1533 1697 1708 
1533 85 1531 1532 1708 
1534 708 1013 1535 
1535 658 1410 1534 1819 
1536 1537 
1537 382 1536 
1538 539 633 1539 
1539 466 539 633 1538 
1540 780 1009 
1541 1280 1542 1543 1544 1545 1546 
1542 323 667 1017 1280 1306 1541 1543 1544 1545 1546 
1543 1280 1541 1542 1544 1546 
1544 1280 1541 1542 1543 1546 
1545 1280 1541 1542 1546 
1546 1280 1541 1542 1543 1544 1545 
1547 1548 1549 1550 
1548 1547 1549 1550 1810 
1549 1547 1548 1550 
1550 1547 1548 1549 
1551 25 52 1552 1553 1554 1555 
1552 48 52 284 723 1134 1551 1553 1612 1703 
1553 52 1551 1552 
1554 48 52 453 454 1352 1405 1441 1551 
1555 48 52 276 285 453 729 915 916 979 1486 1551 1609 1695 1704 1709 
1556 1557 
1557 1556 
1558 1169 
1559 1560 
1560 1559 
1561 1562 1563 1564 1565 1566 1567 1568 1569 1570 1571 
1562 1561 1563 1565 1566 1567 1568 1570 1571 
1563 1561 1562 1564 1565 1566 1567 1568 1570 1571 
1564 1561 1563 1565 1566 1567 1568 1570 1571 
1565 1561 1562 1563 1564 1566 1567 1568 1570 1571 1848 
1566 235 1561 1562 1563 1564 1565 1567 1569 1570 1571 
1567 1561 1562 1563 1564 1565 1566 1568 1570 1571 
1568 1561 1562 1563 1564 1565 1567 1570 1571 
1569 122 142 204 1561 1566 1619 1848 
1570 1561 1562 1563 1564 1565 1566 1567 1568 1571 
1571 1561 1562 1563 1564 1565 1566 1567 1568 1570 
1572 92 321 1573 
1573 122 133 217 243 573 1224 1572 
1574 1178 1575 
1575 658 679 1175 1178 1574 
1576 870 1577 
1577 191 446 658 708 778 1013 1175 1290 1308 1363 1576 1621 1622 
1578 74 85 1468 1579 1580 
1579 266 307 1284 1578 1714 
1580 720 1578 1846 1851 
1581 154 333 419 453 1582 
1582 457 1581 
1583 1584 1585 1586 1587 1588 1589 1590 1591 1592 1593 1594 
1584 1583 1585 1587 1589 1591 1592 1593 1594 
1585 1583 1584 1587 1589 1590 1591 1592 1593 1594 
1586 1530 1583 1632 1633 1634 1636 1637 1638 1639 1641 1642 
1587 1583 1584 1585 1588 1589 1590 1591 1592 1594 
1588 1583 1587 1589 1590 1591 1592 1593 1594 
1589 1583 1584 1585 1587 1588 1590 1592 1593 1594 
1590 1583 1585 1587 1588 1589 1592 1593 
1591 1583 1584 1585 1587 1588 1592 1594 
1592 1583 1584 1585 1587 1588 1589 1590 1591 1593 1594 
1593 1583 1584 1585 1588 1589 1590 1592 
1594 1583 1584 1585 1587 1588 1589 1591 1592 
1595 1596 
1596 153 1595 
1597 39 729 1598 1599 1600 
1598 48 729 1597 1600 
1599 36 49 153 333 334 598 724 953 1425 1441 1597 1711 
1600 48 49 52 153 154 418 453 454 456 598 723 729 917 979 1069 1597 1598 1612 1701 1705 1709 1711 1830 
1601 282 284 453 456 915 917 918 1602 1603 1604 1605 1606 
1602 52 284 453 720 916 917 1135 1601 1603 1604 1606 1838 
1603 270 453 1601 1602 1604 1606 1698 1701 1706 1707 
1604 270 282 453 456 917 918 1601 1602 1603 1606 1681 1698 1699 1702 1706 1707 1838 
1605 284 453 456 1601 1606 1697 1700 1706 
1606 453 915 918 1601 1602 1603 1604 1605 1697 1699 1702 1703 1706 1707 1838 
1607 52 54 600 724 1134 1405 1440 1441 1608 1609 1610 1611 1612 
1608 284 598 1607 1709 1721 
1609 36 48 49 54 277 282 453 598 917 1068 1134 1283 1555 1607 1610 
1610 36 39 54 231 281 724 1134 1138 1607 1609 1611 1612 1711 
1611 154 281 385 386 387 388 389 390 391 392 393 394 453 720 724 1134 1607 1610 1711 
1612 453 1071 1552 1600 1607 1610 
1613 1008 1012 
1614 1615 
1615 669 1614 1844 
1616 1617 
1617 1616 1817 
1618 658 778 1175 1308 1309 1363 1368 1619 
1619 191 204 336 349 350 351 446 628 658 778 874 948 993 1175 1224 1305 1309 1327 1363 1381 1451 1484 1569 1618 1672 
1620 658 778 1175 1177 1395 1484 1621 1627 
1621 323 630 708 1175 1577 1620 1626 
1622 658 708 778 1175 1177 1291 1364 1365 1577 
1623 778 1175 1177 1234 1303 1307 1393 1400 
1624 480 502 1175 1630 1828 
1625 506 995 1175 1307 1454 1627 
1626 1175 1308 1343 1365 1621 
1627 329 421 446 658 1175 1177 1291 1394 1395 1620 1625 1675 
1628 119 235 262 333 508 720 1003 1175 1800 
1629 1630 
1630 175 348 349 625 778 1307 1624 1629 1673 1784 
1631 153 1185 
1632 1586 1633 1634 1635 1636 1637 1638 1639 1640 1641 1642 
1633 1586 1632 1634 1635 1637 1638 1640 1641 1642 
1634 1586 1632 1633 1635 1636 1638 1640 1641 1642 
1635 1632 1633 1634 1637 1638 1639 1640 1642 
1636 1586 1632 1634 1639 1640 1642 
1637 1586 1632 1633 1635 1638 1639 1640 1641 1642 
1638 1586 1632 1633 1634 1635 1637 1639 1640 1641 1642 
1639 1586 1632 1635 1636 1637 1638 1640 1641 1642 
1640 1632 1633 1634 1635 1636 1637 1638 1639 1641 1642 
1641 1586 1632 1633 1634 1637 1638 1639 1640 1642 
1642 1586 1632 1633 1634 1635 1636 1637 1638 1639 1640 1641 
1643 25 52 729 
1644 1645 1646 1647 1648 1649 1650 1651 1652 1653 
1645 1644 1646 1647 1648 1649 1650 1651 1652 1653 
1646 1644 1645 1647 1648 1649 1650 1651 1652 1653 
1647 1644 1645 1646 1648 1649 1650 1651 1652 1653 
1648 1644 1645 1646 1647 1649 1650 1651 1652 1653 
1649 1644 1645 1646 1647 1648 1650 1651 1652 1653 
1650 1644 1645 1646 1647 1648 1649 1651 1652 1653 
1651 1644 1645 1646 1647 1648 1649 1650 1652 1653 
1652 1644 1645 1646 1647 1648 1649 1650 1651 1653 
1653 1644 1645 1646 1647 1648 1649 1650 1651 1652 
1654 640 641 720 877 1126 1129 
1655 452 1694 1695 
1656 1657 1658 1659 
1657 1656 1658 1659 1837 
1658 1656 1657 1659 1837 
1659 1656 1657 1658 1837 
1660 1661 
1661 1660 
1662 351 
1663 1399 
1664 1665 1666 1667 1668 1669 1670 1671 
1665 1664 1666 1667 1668 1669 1670 1671 
1666 1664 1665 
1667 1664 1665 1668 1669 1670 1671 
1668 1664 1665 1667 1669 
1669 1664 1665 1667 1668 1670 1671 
1670 1664 1665 1667 1669 1671 
1671 1664 1665 1667 1669 1670 
1672 226 545 625 856 1619 1674 
1673 306 480 625 1160 1215 1281 1457 1630 1796 
1674 545 625 856 1672 1679 1837 
1675 625 891 1217 1291 1380 1627 
1676 625 626 1284 
1677 288 350 625 1217 1308 1678 
1678 306 625 856 1399 1429 1677 
1679 625 856 1674 1837 
1680 454 1133 
1681 268 1207 1210 1604 1701 1753 1754 
1682 271 720 726 1207 1210 1717 1799 
1683 1684 
1684 1683 
1685 979 1686 1687 
1686 49 52 277 282 284 454 918 1068 1352 1357 1685 1694 1709 1721 
1687 153 154 280 285 333 334 418 454 717 915 916 918 976 1685 1713 
1688 454 614 1455 1470 
1689 817 1278 
1690 52 280 284 454 614 844 929 1137 1277 1376 1457 
1691 1692 
1692 190 1691 1824 
1693 380 1216 1217 1373 
1694 49 52 277 284 453 717 1138 1655 1686 1695 1697 
1695 48 52 277 284 286 453 729 918 1352 1555 1655 1694 
1696 270 453 1698 1699 1706 1707 
1697 278 453 598 599 885 1529 1532 1605 1606 1694 
1698 95 263 268 270 453 454 456 507 857 858 875 905 1057 1058 1528 1603 1604 1696 1702 1706 1707 1838 
1699 453 1604 1606 1696 1702 1707 1809 
1700 453 456 1529 1605 
1701 270 453 454 456 979 1600 1603 1681 1707 1830 
1702 453 1604 1606 1698 1699 1707 1838 
1703 453 917 1552 1606 1815 
1704 48 49 52 153 154 284 453 729 731 976 1555 1705 1711 
1705 52 153 453 821 1068 1441 1600 1704 
1706 52 268 270 284 453 456 599 917 918 1066 1528 1603 1604 1605 1606 1696 1698 1707 1838 
1707 52 95 268 284 453 456 599 847 917 1138 1528 1603 1604 1606 1696 1698 1699 1701 1702 1706 1708 1838 
1708 453 1532 1533 1707 
1709 48 52 153 453 1442 1555 1600 1608 1686 1711 1832 
1710 249 453 454 545 546 663 665 671 931 1016 1017 1021 1332 1334 1773 1776 
1711 36 276 277 453 598 1405 1599 1600 1610 1611 1704 1709 
1712 453 454 1381 1441 1470 
1713 1687 
1714 1579 
1715 417 
1716 818 819 
1717 736 818 819 828 830 1682 
1718 658 
1719 615 
1720 365 
1721 39 48 52 277 284 723 1426 1608 1686 
1722 613 747 1723 1724 1725 1726 1727 1728 1729 1730 1731 1732 1733 1734 1735 1736 1737 1738 
1723 747 1722 1725 1726 1728 1730 1732 1737 1738 
1724 747 1722 1725 1730 1731 1732 1733 1737 
1725 747 1722 1723 1724 1726 1727 1728 1730 1731 1732 1733 1734 1735 1737 1738 
1726 747 1722 1723 1725 1728 1729 1730 1731 1732 1733 1735 1737 1738 
1727 1722 1725 1730 1731 1732 1733 1734 1735 1736 
1728 747 1722 1723 1725 1726 1730 1734 1737 1738 
1729 1722 1726 1731 1733 1735 1737 1738 
1730 747 1722 1723 1724 1725 1726 1727 1728 1731 1732 1734 1735 1736 1737 1738 
1731 747 1722 1724 1725 1726 1727 1729 1730 1732 1733 1734 1735 1736 1737 1738 
1732 747 1722 1723 1724 1725 1726 1727 1730 1731 1733 1734 1735 1737 1738 
1733 1722 1724 1725 1726 1727 1729 1731 1732 1734 1735 1736 1737 
1734 747 1722 1725 1727 1728 1730 1731 1732 1733 1735 1736 1737 
1735 747 1722 1725 1726 1727 1729 1730 1731 1732 1733 1734 1736 1737 
1736 1722 1727 1730 1731 1733 1734 1735 
1737 747 1722 1723 1724 1725 1726 1728 1729 1730 1731 1732 1733 1734 1735 1738 
1738 747 1722 1723 1725 1726 1728 1729 1730 1731 1732 1737 
1739 1740 1741 1742 1743 1744 1745 1746 1747 1748 1749 1750 1751 
1740 1421 1739 1741 1742 1743 1744 1747 1748 1750 1751 
1741 1032 1739 1740 1743 1744 1745 1746 1748 1749 1751 1843 
1742 1739 1740 1743 1744 1746 1747 1748 1751 
1743 1739 1740 1741 1742 1744 1747 1748 1750 1751 
1744 1032 1739 1740 1741 1742 1743 1745 1746 1747 1748 1749 1750 1751 1843 
1745 1739 1741 1744 1746 1748 1749 1750 1751 
1746 1032 1739 1741 1742 1744 1745 1748 1749 
1747 1421 1739 1740 1742 1743 1744 1748 1750 1751 
1748 1032 1421 1739 1740 1741 1742 1743 1744 1745 1746 1747 1751 
1749 1032 1739 1741 1744 1745 1746 1843 
1750 1739 1740 1743 1744 1745 1747 1751 1843 
1751 1739 1740 1741 1742 1743 1744 1745 1747 1748 1750 1843 
1752 1007 1008 1009 1010 1011 1012 1111 
1753 1681 1754 
1754 268 1681 1753 
1755 895 
1756 52 720 885 
1757 776 1758 1759 
1758 1757 1759 
1759 1271 1757 1758 
1760 1761 1762 1763 1764 1765 1766 1767 
1761 1760 1762 1763 1764 1765 1766 1767 
1762 1760 1761 1763 1764 1765 1766 1767 
1763 1760 1761 1762 1764 1765 1766 1767 
1764 1760 1761 1762 1763 1765 1766 1767 
1765 1760 1761 1762 1763 1764 1766 1767 
1766 1760 1761 1762 1763 1764 1765 1767 
1767 1760 1761 1762 1763 1764 1765 1766 
1768 720 
1769 22 106 132 205 209 212 
1770 1343 1771 1772 
1771 21 119 126 136 145 217 236 1075 1770 
1772 216 628 1343 1770 
1773 713 1710 1774 
1774 711 713 931 1488 1773 1819 
1775 249 371 487 545 661 665 671 676 713 848 1019 1330 1332 1334 
1776 249 545 663 671 675 1710 
1777 1778 1779 1780 1781 1782 
1778 1777 1779 1780 1781 1782 
1779 1777 1778 1780 1781 1782 
1780 1777 1778 1779 1781 1782 
1781 1777 1778 1779 1780 1782 
1782 1777 1778 1779 1780 1781 
1783 416 1138 1356 
1784 1630 1785 1786 
1785 348 1784 
1786 1784 
1787 540 542 545 546 663 709 
1788 153 276 1355 1789 1790 
1789 276 284 454 507 1788 
1790 48 52 276 284 1070 1788 
1791 88 563 564 565 958 1792 1793 
1792 563 630 958 1791 
1793 310 320 710 1791 
1794 269 835 982 1507 
1795 998 1037 
1796 305 856 858 1673 1852 
1797 73 74 
1798 305 1837 1855 
1799 1148 1682 1805 
1800 142 235 474 508 720 890 1109 1113 1118 1120 1123 1160 1628 
1801 72 1216 1284 1803 
1802 72 476 1803 
1803 72 76 476 886 1801 1802 
1804 344 1234 1307 1400 
1805 325 331 478 1157 1799 
1806 806 808 809 810 1807 1836 
1807 806 809 810 1806 
1808 95 270 1057 
1809 1057 1059 1699 
1810 1057 1548 
1811 18 119 126 147 240 1308 
1812 765 1029 1030 1481 1813 
1813 290 589 765 1028 1029 1030 1812 
1814 1131 
1815 454 1356 1464 1703 
1816 19 
1817 327 1036 1617 
1818 480 819 1204 
1819 122 573 658 1223 1224 1364 1535 1774 
1820 87 89 90 631 1821 
1821 87 89 631 1820 
1822 190 1192 1193 
1823 348 506 727 778 1000 1484 
1824 348 778 1307 1692 
1825 365 720 844 1387 1528 1831 
1826 233 1271 
1827 371 545 709 711 931 
1828 261 652 1163 1624 1834 
1829 261 263 466 560 
1830 49 52 454 1137 1600 1701 
1831 982 1825 
1832 49 52 153 598 722 1072 1405 1442 1709 
1833 908 910 1218 
1834 114 727 955 1828 
1835 76 277 844 1466 
1836 956 1806 
1837 710 905 1284 1657 1658 1659 1674 1679 1798 1855 
1838 95 875 1602 1604 1606 1698 1702 1706 1707 
1839 186 262 630 847 
1840 262 466 
1841 869 
1842 1028 
1843 1741 1744 1749 1750 1751 
1844 267 955 1001 1475 1615 1845 
1845 145 146 186 312 1844 
1846 470 1580 
1847 1232 
1848 204 217 274 951 1076 1411 1565 1569 
1849 269 466 982 
1850 466 1300 
1851 200 1580 
1852 522 523 1796 
1853 814 815 1854 
1854 814 815 1853 
1855 847 1798 1837 
1856 872 951 
1857 351 1140 1291 
1858 417 1136 
1859 321 
1860 918 
1861 1478 
